(* Content-type: application/vnd.wolfram.mathematica *)

(*** Wolfram Notebook File ***)
(* http://www.wolfram.com/nb *)

(* CreatedBy='Mathematica 13.0' *)

(*CacheID: 234*)
(* Internal cache information:
NotebookFileLineBreakTest
NotebookFileLineBreakTest
NotebookDataPosition[       158,          7]
NotebookDataLength[      5646,        174]
NotebookOptionsPosition[      4729,        149]
NotebookOutlinePosition[      5126,        165]
CellTagsIndexPosition[      5083,        162]
WindowFrame->Normal*)

(* Beginning of Notebook Content *)
Notebook[{

Cell[CellGroupData[{
Cell[BoxData[{
 RowBox[{
  RowBox[{"p", "=", " ", 
   RowBox[{"{", 
    RowBox[{
     RowBox[{"{", 
      RowBox[{"0", ",", 
       RowBox[{"1", "/", "2"}], ",", 
       RowBox[{"1", "/", "2"}]}], "}"}], ",", 
     RowBox[{"{", 
      RowBox[{
       RowBox[{"1", "/", "10"}], ",", 
       RowBox[{"7", "/", "10"}], ",", 
       RowBox[{"1", "/", "5"}]}], "}"}], ",", 
     RowBox[{"{", 
      RowBox[{
       RowBox[{"1", "/", "5"}], ",", 
       RowBox[{"4", "/", "5"}], ",", "0"}], "}"}]}], "}"}]}], 
  ";"}], "\[IndentingNewLine]", 
 RowBox[{"MatrixForm", "[", "p", "]"}]}], "Input",
 CellChangeTimes->{{3.9162321838077908`*^9, 3.916232251510028*^9}, {
  3.9162323044406443`*^9, 3.9162323107378883`*^9}, {3.916232738908395*^9, 
  3.916232790454586*^9}},
 CellLabel->
  "In[290]:=",ExpressionUUID->"37534835-d26d-4058-bdfe-4b74b29a0eea"],

Cell[BoxData[
 TagBox[
  RowBox[{"(", "\[NoBreak]", GridBox[{
     {"0", 
      FractionBox["1", "2"], 
      FractionBox["1", "2"]},
     {
      FractionBox["1", "10"], 
      FractionBox["7", "10"], 
      FractionBox["1", "5"]},
     {
      FractionBox["1", "5"], 
      FractionBox["4", "5"], "0"}
    },
    GridBoxAlignment->{"Columns" -> {{Center}}, "Rows" -> {{Baseline}}},
    GridBoxSpacings->{"Columns" -> {
        Offset[0.27999999999999997`], {
         Offset[0.7]}, 
        Offset[0.27999999999999997`]}, "Rows" -> {
        Offset[0.2], {
         Offset[0.4]}, 
        Offset[0.2]}}], "\[NoBreak]", ")"}],
  Function[BoxForm`e$, 
   MatrixForm[BoxForm`e$]]]], "Output",
 CellChangeTimes->{
  3.916232311327867*^9, {3.916232780318487*^9, 3.9162327910346107`*^9}},
 CellLabel->
  "Out[291]//MatrixForm=",ExpressionUUID->"841a2789-8dae-4934-b824-\
9c3a247d1ca4"]
}, Open  ]],

Cell[CellGroupData[{

Cell[BoxData[
 RowBox[{"MatrixForm", "[", 
  RowBox[{"MatrixPower", "[", 
   RowBox[{
    RowBox[{"1.0", "p"}], ",", "7"}], "]"}], "]"}]], "Input",
 CellChangeTimes->{{3.916232295781385*^9, 3.916232320779529*^9}, {
  3.916232793691897*^9, 3.916232799847959*^9}},
 CellLabel->
  "In[293]:=",ExpressionUUID->"ac3d9c3a-079d-488e-b2e5-7afe81d42da7"],

Cell[BoxData[
 TagBox[
  RowBox[{"(", "\[NoBreak]", GridBox[{
     {"0.108366`", "0.6974644999999999`", "0.1941695`"},
     {"0.1085209`", "0.6976662999999999`", "0.19381279999999998`"},
     {"0.10863980000000001`", "0.6978211999999999`", "0.19353900000000004`"}
    },
    GridBoxAlignment->{"Columns" -> {{Center}}, "Rows" -> {{Baseline}}},
    GridBoxSpacings->{"Columns" -> {
        Offset[0.27999999999999997`], {
         Offset[0.7]}, 
        Offset[0.27999999999999997`]}, "Rows" -> {
        Offset[0.2], {
         Offset[0.4]}, 
        Offset[0.2]}}], "\[NoBreak]", ")"}],
  Function[BoxForm`e$, 
   MatrixForm[BoxForm`e$]]]], "Output",
 CellChangeTimes->{{3.916232300536704*^9, 3.9162323212110767`*^9}, {
  3.91623279480661*^9, 3.916232801210506*^9}},
 CellLabel->
  "Out[293]//MatrixForm=",ExpressionUUID->"6bbe9aa7-1133-4ff9-8594-\
0d3a0dfbc996"]
}, Open  ]],

Cell[CellGroupData[{

Cell[BoxData[
 RowBox[{"MatrixForm", "[", 
  RowBox[{"MatrixPower", "[", 
   RowBox[{
    RowBox[{"1.0", "p"}], ",", "50"}], "]"}], "]"}]], "Input",
 CellChangeTimes->{{3.916232951281171*^9, 3.916232951895033*^9}},
 CellLabel->
  "In[294]:=",ExpressionUUID->"caed8d85-4c41-4b1f-876f-0284f0580ab1"],

Cell[BoxData[
 TagBox[
  RowBox[{"(", "\[NoBreak]", GridBox[{
     {"0.10852713178294567`", "0.6976744186046506`", "0.19379844961240295`"},
     {"0.10852713178294565`", "0.6976744186046505`", "0.19379844961240295`"},
     {"0.10852713178294567`", "0.6976744186046505`", "0.19379844961240295`"}
    },
    GridBoxAlignment->{"Columns" -> {{Center}}, "Rows" -> {{Baseline}}},
    GridBoxSpacings->{"Columns" -> {
        Offset[0.27999999999999997`], {
         Offset[0.7]}, 
        Offset[0.27999999999999997`]}, "Rows" -> {
        Offset[0.2], {
         Offset[0.4]}, 
        Offset[0.2]}}], "\[NoBreak]", ")"}],
  Function[BoxForm`e$, 
   MatrixForm[BoxForm`e$]]]], "Output",
 CellChangeTimes->{3.9162329526740017`*^9},
 CellLabel->
  "Out[294]//MatrixForm=",ExpressionUUID->"d7a2d6b2-490a-4e04-8318-\
a5bc0b07f1c3"]
}, Open  ]]
},
WindowSize->{808, 816},
WindowMargins->{{Automatic, 46}, {-98, Automatic}},
FrontEndVersion->"13.0 for Mac OS X ARM (64-bit) (December 2, 2021)",
StyleDefinitions->"Default.nb",
ExpressionUUID->"44c6cbd4-5ef8-4df2-ad1a-2c865dd52d30"
]
(* End of Notebook Content *)

(* Internal cache information *)
(*CellTagsOutline
CellTagsIndex->{}
*)
(*CellTagsIndex
CellTagsIndex->{}
*)
(*NotebookFileOutline
Notebook[{
Cell[CellGroupData[{
Cell[580, 22, 840, 24, 52, "Input",ExpressionUUID->"37534835-d26d-4058-bdfe-4b74b29a0eea"],
Cell[1423, 48, 881, 28, 100, "Output",ExpressionUUID->"841a2789-8dae-4934-b824-9c3a247d1ca4"]
}, Open  ]],
Cell[CellGroupData[{
Cell[2341, 81, 345, 8, 30, "Input",ExpressionUUID->"ac3d9c3a-079d-488e-b2e5-7afe81d42da7"],
Cell[2689, 91, 864, 21, 76, "Output",ExpressionUUID->"6bbe9aa7-1133-4ff9-8594-0d3a0dfbc996"]
}, Open  ]],
Cell[CellGroupData[{
Cell[3590, 117, 297, 7, 30, "Input",ExpressionUUID->"caed8d85-4c41-4b1f-876f-0284f0580ab1"],
Cell[3890, 126, 823, 20, 124, "Output",ExpressionUUID->"d7a2d6b2-490a-4e04-8318-a5bc0b07f1c3"]
}, Open  ]]
}
]
*)

