list(Y=c(5, 6, 12, 5, 6, 10, 4, 7, 7, 10, 8, 8, 10, 5, 8, 9, 9, 11, 7, 11, 32, 28, 26, 
25, 38, 37, 33, 33, 30, 26, 58, 60, 65, 41, 56, 56, 41, 48, 47, 50, 0, 0, 0, 0, 
0, 0, 1, 0, 1, 0, 0, 0, 0, 0, 0, 0, 1, 0, 0, 2, 8, 5, 6, 5, 5, 6, 11, 5, 5, 5, 
10, 13, 12, 9, 15, 21, 7, 12, 10, 8, 0, 0, 0, 0, 0, 0, 0, 0, 0, 0, 0, 0, 0, 0, 
0, 0, 0, 0, 1, 0, 2, 4, 5, 2, 2, 0, 8, 6, 4, 1, 4, 7, 8, 5, 3, 10, 6, 5, 7, 7, 
6, 5, 3, 1, 10, 4, 8, 1, 8, 7, 8, 2, 4, 4, 4, 6, 6, 5, 7, 7, 7, 8, 11, 4, 5, 4, 
6, 8, 4, 9, 12, 10, 9, 15, 7, 10, 7, 15, 9, 12, 0, 0, 0, 0, 0, 0, 0, 0, 0, 0, 
0, 0, 2, 0, 0, 0, 0, 0, 0, 0, 6, 7, 4, 15, 10, 10, 7, 6, 7, 3, 14, 15, 18, 15, 
9, 12, 14, 11, 14, 14, 0, 0, 0, 0, 0, 0, 0, 0, 0, 0, 0, 0, 0, 0, 0, 0, 0, 0, 1, 
0, 5, 8, 2, 8, 6, 4, 7, 8, 5, 2, 3, 10, 6, 10, 10, 6, 6, 4, 5, 7, 12, 11, 6, 4, 
7, 7, 6, 4, 8, 9, 10, 9, 12, 8, 9, 13, 5, 7, 8, 7, 11, 9, 9, 16, 7, 13, 12, 16, 
21, 13, 23, 12, 20, 19, 25, 23, 23, 24, 22, 21, 4, 3, 3, 7, 6, 5, 6, 4, 5, 7, 
12, 10, 7, 4, 9, 8, 11, 4, 10, 5, 7, 7, 5, 8, 6, 3, 8, 4, 6, 1, 8, 13, 6, 4, 6, 
6, 8, 17, 6, 12, 2, 7, 9, 10, 5, 4, 9, 6, 2, 5, 4, 2, 5, 5, 6, 8, 8, 5, 9, 8, 
8, 10, 4, 3, 10, 5, 5, 7, 8, 7, 10, 14, 15, 17, 10, 13, 8, 13, 11, 23, 0, 3, 2, 
1, 2, 2, 4, 3, 4, 1, 0, 5, 3, 3, 1, 1, 3, 5, 3, 3, 10, 12, 10, 16, 9, 15, 6, 4, 
8, 17, 15, 25, 24, 15, 24, 15, 25, 30, 26, 28, 5, 6, 7, 4, 8, 10, 4, 8, 6, 10, 
9, 8, 5, 12, 10, 10, 11, 7, 13, 6, 35, 71, 43, 56, 46, 47, 60, 51, 63, 38, 108, 
87, 83, 69, 89, 74, 83, 93, 63, 79, 3, 1, 4, 0, 3, 1, 1, 2, 1, 0, 2, 3, 2, 3, 
2, 2, 7, 1, 2, 1, 12, 16, 18, 16, 28, 16, 20, 8, 19, 11, 26, 25, 34, 44, 40, 
32, 53, 45, 36, 40, 3, 8, 4, 2, 4, 7, 5, 7, 3, 5, 3, 5, 10, 7, 7, 5, 7, 6, 6, 
7, 27, 31, 35, 29, 26, 29, 22, 19, 32, 28, 53, 54, 60, 45, 59, 49, 45, 41, 41, 
47, 0, 1, 1, 1, 3, 4, 1, 1, 0, 0, 2, 1, 3, 1, 1, 3, 1, 0, 2, 3, 12, 14, 7, 16, 
14, 25, 21, 28, 19, 24, 34, 31, 32, 26, 34, 33, 21, 30, 28, 28, 1, 3, 2, 1, 1, 
0, 1, 1, 0, 0, 0, 2, 0, 0, 2, 1, 2, 4, 0, 2, 3, 2, 2, 0, 0, 2, 2, 2, 1, 1, 0, 
4, 1, 0, 3, 5, 0, 3, 2, 3, 4, 2, 0, 4, 0, 2, 3, 2, 2, 3, 3, 3, 0, 4, 2, 3, 1, 
2, 2, 0, 19, 19, 14, 19, 16, 13, 7, 16, 12, 12, 13, 15, 26, 23, 28, 24, 33, 28, 
32, 22, 2, 5, 1, 3, 4, 3, 4, 3, 3, 3, 2, 7, 2, 3, 2, 3, 1, 6, 6, 3, 7, 6, 2, 7, 
3, 5, 3, 3, 5, 6, 11, 10, 6, 5, 5, 4, 4, 11, 10, 6, 1, 3, 4, 1, 1, 5, 6, 2, 5, 
3, 1, 0, 3, 4, 8, 2, 0, 4, 1, 3, 33, 18, 37, 26, 41, 43, 24, 30, 37, 23, 55, 
51, 46, 65, 59, 42, 57, 53, 58, 54, 2, 1, 4, 0, 3, 4, 1, 5, 6, 5, 3, 4, 3, 3, 
8, 2, 1, 1, 5, 3, 7, 4, 5, 9, 6, 6, 9, 11, 6, 4, 18, 13, 19, 8, 14, 14, 17, 19, 
13, 21, 0, 0, 0, 0, 0, 0, 0, 0, 0, 0, 0, 1, 0, 1, 1, 1, 0, 0, 0, 1, 7, 4, 7, 5, 
9, 4, 4, 7, 4, 6, 10, 5, 7, 17, 10, 13, 9, 13, 8, 13, 1, 3, 2, 2, 3, 2, 1, 2, 
3, 2, 5, 2, 5, 2, 7, 3, 2, 2, 3, 3, 2, 2, 2, 3, 3, 3, 2, 0, 2, 9, 6, 6, 2, 6, 
9, 7, 4, 5, 8, 5, 0, 0, 0, 0, 0, 0, 0, 0, 0, 0, 0, 0, 0, 0, 0, 0, 0, 0, 0, 0, 
3, 5, 2, 3, 1, 2, 2, 2, 1, 1, 4, 5, 3, 6, 5, 3, 8, 3, 7, 5, 9, 4, 9, 8, 6, 5, 
9, 9, 6, 11, 9, 7, 9, 5, 10, 5, 6, 7, 7, 5, 34, 26, 32, 29, 20, 23, 38, 23, 15, 
32, 41, 33, 62, 39, 48, 38, 40, 28, 41, 32, 4, 9, 18, 7, 13, 10, 14, 13, 5, 6, 
4, 9, 15, 4, 13, 13, 12, 6, 10, 7, 13, 7, 14, 16, 14, 19, 18, 28, 20, 11, 27, 
17, 28, 23, 34, 22, 26, 24, 21, 21, 6, 3, 8, 6, 9, 5, 4, 8, 1, 7, 5, 12, 9, 11, 
9, 7, 7, 13, 8, 6, 14, 13, 14, 12, 16, 20, 14, 11, 14, 20, 18, 16, 24, 16, 25, 
17, 22, 21, 28, 29, 20, 11, 12, 13, 22, 14, 19, 18, 28, 25, 16, 23, 15, 19, 16, 
21, 22, 13, 22, 29, 22, 34, 28, 29, 24, 39, 40, 45, 36, 33, 51, 49, 55, 38, 50, 
63, 58, 54, 58, 62, 0, 1, 0, 1, 0, 0, 2, 0, 0, 0, 2, 1, 4, 0, 2, 2, 0, 2, 0, 0, 
5, 1, 2, 3, 8, 6, 2, 7, 6, 4, 5, 2, 7, 1, 9, 8, 4, 7, 6, 9, 1, 0, 0, 1, 0, 1, 
1, 3, 0, 0, 0, 3, 0, 0, 2, 2, 0, 0, 0, 0, 3, 4, 4, 5, 4, 3, 6, 2, 3, 3, 9, 11, 
6, 9, 9, 6, 9, 9, 6, 13, 3, 4, 7, 3, 5, 7, 3, 4, 4, 1, 5, 5, 2, 4, 4, 5, 5, 2, 
9, 9, 24, 24, 38, 27, 27, 30, 31, 31, 32, 34, 56, 56, 53, 58, 47, 53, 61, 68, 
69, 51, 1, 1, 0, 1, 0, 1, 0, 0, 0, 0, 2, 1, 0, 1, 1, 6, 1, 5, 4, 0, 5, 6, 6, 9, 
5, 7, 10, 9, 4, 4, 13, 11, 9, 8, 9, 11, 23, 12, 13, 14, 4, 3, 3, 2, 8, 4, 5, 4, 
15, 12, 4, 2, 7, 3, 11, 7, 7, 6, 8, 9, 10, 10, 13, 12, 9, 8, 18, 15, 12, 14, 
18, 23, 19, 21, 20, 26, 14, 16, 21, 20, 25, 19, 20, 14, 19, 22, 20, 17, 25, 16, 
28, 25, 21, 17, 21, 31, 25, 17, 23, 23, 32, 27, 29, 35, 22, 29, 36, 28, 24, 22, 
65, 46, 53, 54, 40, 50, 46, 51, 44, 47, 6, 8, 10, 13, 15, 13, 9, 13, 16, 13, 
13, 13, 17, 12, 13, 18, 19, 17, 9, 9, 10, 10, 8, 12, 9, 11, 9, 10, 10, 6, 19, 
16, 21, 12, 24, 24, 17, 15, 19, 16, 21, 25, 21, 18, 21, 23, 24, 26, 34, 15, 32, 
24, 25, 21, 34, 22, 30, 20, 26, 25, 49, 61, 64, 52, 55, 55, 49, 48, 45, 50, 77, 
96, 82, 106, 95, 86, 84, 93, 101, 86, 4, 4, 2, 4, 5, 9, 5, 1, 8, 8, 4, 5, 8, 4, 
14, 5, 7, 5, 4, 5, 10, 6, 14, 6, 6, 10, 11, 8, 6, 9, 11, 15, 19, 11, 11, 13, 
13, 14, 12, 8, 11, 12, 15, 6, 14, 9, 12, 8, 14, 11, 11, 14, 16, 13, 14, 13, 15, 
20, 9, 9, 58, 50, 48, 53, 72, 47, 61, 63, 64, 47, 90, 87, 74, 86, 74, 60, 88, 
94, 85, 76, 3, 0, 1, 2, 3, 0, 3, 4, 3, 1, 3, 3, 1, 3, 3, 2, 4, 1, 0, 3, 0, 0, 
1, 0, 2, 1, 2, 0, 2, 2, 2, 4, 6, 1, 1, 6, 2, 3, 1, 3, 0, 0, 0, 0, 0, 0, 0, 0, 
0, 0, 0, 0, 0, 0, 0, 0, 0, 0, 0, 0, 2, 1, 1, 2, 3, 1, 1, 2, 3, 4, 3, 3, 1, 6, 
3, 6, 3, 3, 6, 3, 9, 5, 6, 6, 9, 5, 5, 5, 3, 10, 8, 9, 6, 8, 5, 8, 6, 7, 10, 7, 
6, 5, 7, 6, 8, 17, 3, 12, 9, 7, 15, 16, 11, 19, 15, 14, 15, 11, 16, 10, 1, 0, 
0, 2, 1, 3, 1, 1, 0, 1, 2, 3, 3, 0, 5, 5, 2, 4, 2, 3, 5, 2, 2, 4, 4, 7, 5, 5, 
2, 6, 6, 6, 3, 9, 9, 5, 6, 3, 11, 3, 23, 36, 33, 28, 28, 28, 27, 23, 25, 16, 
45, 32, 30, 30, 32, 41, 24, 24, 32, 36, 64, 73, 74, 77, 85, 82, 68, 79, 63, 68, 
135, 111, 111, 109, 118, 121, 119, 109, 123, 112, 5, 9, 14, 6, 16, 15, 14, 12, 
7, 7, 12, 8, 14, 11, 17, 19, 12, 10, 21, 13, 15, 13, 12, 14, 13, 13, 13, 17, 
12, 18, 21, 20, 26, 16, 23, 24, 29, 24, 21, 29, 4, 5, 7, 7, 4, 7, 4, 5, 2, 3, 
6, 10, 5, 9, 8, 8, 9, 7, 4, 3, 18, 27, 16, 21, 15, 22, 15, 17, 14, 14, 32, 25, 
37, 29, 25, 27, 25, 25, 21, 25, 1, 1, 2, 0, 0, 0, 1, 1, 1, 2, 0, 0, 1, 1, 0, 1, 
2, 1, 2, 0, 13, 15, 17, 20, 17, 29, 13, 21, 18, 22, 27, 26, 29, 33, 33, 32, 30, 
29, 34, 34, 2, 4, 2, 0, 1, 1, 0, 1, 0, 1, 1, 0, 0, 2, 3, 3, 0, 0, 1, 3, 14, 21, 
20, 19, 15, 19, 24, 15, 22, 16, 37, 30, 37, 43, 48, 37, 36, 40, 40, 40, 4, 3, 
6, 7, 6, 5, 5, 9, 5, 3, 7, 11, 13, 8, 7, 4, 12, 10, 8, 7, 1, 2, 2, 5, 3, 3, 3, 
3, 1, 7, 7, 7, 10, 12, 12, 8, 7, 8, 6, 6, 4, 4, 3, 3, 6, 2, 1, 4, 5, 2, 3, 2, 
4, 2, 2, 3, 4, 3, 4, 7, 2, 2, 1, 0, 2, 5, 2, 2, 4, 4, 4, 3, 2, 3, 4, 3, 11, 1, 
3, 6, 1, 0, 0, 0, 0, 1, 1, 0, 1, 1, 0, 0, 0, 0, 1, 1, 2, 1, 0, 2, 1, 3, 3, 1, 
2, 2, 0, 5, 1, 3, 6, 4, 8, 2, 6, 2, 1, 3, 6, 2, 9, 3, 4, 7, 5, 6, 8, 10, 6, 6, 
4, 5, 7, 6, 7, 6, 9, 13, 4, 10, 18, 25, 25, 17, 31, 25, 22, 21, 27, 20, 49, 38, 
43, 51, 44, 38, 34, 37, 40, 38, 0, 0, 0, 1, 0, 0, 0, 0, 0, 0, 0, 1, 0, 1, 1, 0, 
0, 0, 0, 0, 5, 7, 3, 6, 8, 4, 5, 5, 7, 4, 9, 6, 7, 10, 13, 15, 10, 13, 11, 11, 
9, 13, 4, 6, 7, 8, 3, 5, 8, 6, 12, 6, 7, 6, 5, 7, 8, 6, 11, 9, 30, 25, 38, 25, 
19, 23, 24, 17, 28, 23, 49, 36, 43, 40, 32, 52, 45, 40, 41, 27, 1, 2, 1, 2, 1, 
3, 3, 1, 2, 3, 0, 0, 1, 1, 2, 5, 5, 3, 4, 2, 1, 1, 0, 4, 1, 1, 2, 3, 0, 1, 4, 
8, 3, 4, 4, 5, 3, 3, 2, 5, 6, 6, 3, 1, 2, 6, 3, 3, 5, 5, 1, 4, 2, 4, 3, 1, 1, 
3, 1, 5, 9, 17, 15, 10, 6, 6, 8, 7, 10, 7, 17, 26, 19, 13, 19, 13, 25, 20, 19, 
14, 6, 18, 11, 10, 13, 11, 17, 7, 9, 7, 8, 17, 17, 7, 12, 17, 11, 13, 11, 14, 
12, 11, 16, 17, 14, 12, 18, 14, 16, 14, 33, 22, 18, 24, 27, 26, 34, 22, 27, 21, 
2, 0, 0, 0, 0, 1, 0, 0, 1, 0, 0, 1, 4, 0, 1, 0, 1, 2, 2, 2, 11, 10, 15, 11, 12, 
7, 13, 15, 10, 14, 15, 30, 20, 19, 25, 15, 16, 17, 18, 23, 0, 0, 1, 0, 0, 3, 1, 
0, 0, 0, 3, 0, 0, 0, 1, 0, 0, 1, 0, 1, 10, 4, 15, 10, 12, 5, 7, 12, 12, 9, 26, 
15, 20, 12, 22, 21, 17, 22, 16, 22, 0, 1, 0, 0, 0, 0, 0, 0, 0, 0, 0, 0, 1, 0, 
0, 0, 0, 0, 0, 0, 6, 9, 7, 7, 6, 5, 7, 9, 6, 6, 7, 8, 22, 12, 19, 19, 25, 14, 
12, 14, 0, 0, 0, 0, 0, 0, 0, 0, 0, 0, 0, 0, 0, 0, 0, 0, 0, 0, 0, 0, 7, 5, 15, 
1, 4, 6, 8, 9, 4, 4, 17, 6, 16, 9, 8, 13, 8, 15, 11, 12, 8, 4, 2, 6, 2, 4, 7, 
4, 8, 2, 1, 8, 8, 6, 9, 8, 10, 6, 6, 6, 5, 9, 8, 6, 5, 5, 5, 9, 5, 4, 9, 10, 9, 
7, 11, 14, 10, 12, 11, 13, 45, 38, 48, 30, 39, 38, 27, 39, 36, 35, 30, 34, 42, 
35, 35, 38, 41, 37, 43, 33, 58, 77, 68, 72, 76, 64, 67, 63, 62, 65, 107, 114, 
115, 99, 113, 131, 112, 123, 123, 123, 0, 0, 0, 0, 0, 0, 0, 0, 0, 0, 0, 0, 0, 
0, 0, 0, 0, 0, 0, 0, 2, 2, 3, 4, 4, 6, 6, 2, 2, 4, 13, 8, 12, 8, 12, 11, 6, 6, 
6, 11, 2, 4, 2, 0, 0, 3, 0, 2, 0, 0, 3, 5, 1, 0, 2, 4, 2, 4, 1, 1, 7, 9, 7, 8, 
2, 7, 5, 5, 5, 6, 13, 9, 9, 13, 13, 10, 14, 13, 14, 9, 3, 6, 5, 7, 7, 2, 5, 5, 
5, 6, 8, 11, 9, 4, 5, 5, 10, 7, 3, 4, 18, 17, 14, 17, 19, 20, 10, 12, 15, 12, 
28, 31, 18, 31, 26, 34, 31, 30, 38, 43, 3, 4, 9, 6, 9, 8, 13, 6, 12, 10, 10, 
12, 7, 14, 21, 14, 12, 7, 15, 13, 17, 15, 22, 16, 18, 15, 16, 20, 20, 19, 26, 
29, 36, 33, 28, 31, 33, 27, 31, 25, 7, 12, 15, 10, 9, 13, 12, 12, 12, 9, 11, 
12, 12, 18, 10, 16, 9, 9, 13, 11, 23, 32, 33, 32, 22, 20, 27, 22, 27, 22, 47, 
42, 43, 39, 46, 50, 43, 36, 43, 47, 3, 3, 9, 9, 5, 9, 5, 7, 3, 2, 3, 9, 10, 7, 
10, 7, 10, 8, 12, 10, 5, 7, 6, 6, 7, 4, 2, 7, 5, 2, 6, 7, 6, 12, 10, 10, 4, 4, 
13, 8, 0, 0, 6, 3, 1, 2, 1, 3, 4, 2, 3, 3, 2, 4, 2, 5, 4, 2, 4, 3, 8, 20, 10, 
7, 4, 13, 14, 14, 7, 9, 21, 20, 22, 25, 27, 22, 18, 22, 27, 23, 1, 3, 2, 7, 0, 
4, 3, 6, 4, 9, 3, 4, 9, 4, 3, 4, 6, 5, 3, 9, 7, 5, 11, 15, 19, 9, 10, 6, 14, 9, 
18, 21, 14, 18, 16, 20, 25, 14, 18, 21, 2, 1, 1, 0, 0, 0, 1, 2, 1, 2, 1, 3, 1, 
1, 1, 2, 4, 1, 1, 4, 3, 2, 1, 3, 0, 4, 4, 4, 1, 6, 6, 3, 6, 7, 5, 6, 6, 7, 6, 
6, 4, 4, 4, 4, 2, 3, 1, 5, 5, 3, 7, 7, 5, 8, 6, 8, 2, 5, 5, 7, 4, 5, 7, 4, 3, 
7, 10, 14, 7, 11, 9, 16, 11, 12, 6, 10, 13, 9, 5, 16, 5, 4, 2, 4, 4, 4, 3, 1, 
4, 3, 5, 4, 2, 3, 8, 3, 1, 6, 8, 3, 1, 5, 10, 3, 3, 2, 6, 3, 3, 4, 10, 12, 7, 
12, 13, 15, 13, 10, 7, 12, 3, 2, 0, 1, 1, 0, 3, 2, 3, 1, 0, 1, 1, 1, 1, 5, 0, 
2, 1, 3, 1, 0, 0, 5, 2, 1, 1, 1, 1, 3, 7, 2, 7, 4, 3, 3, 6, 6, 3, 1, 3, 0, 2, 
0, 3, 4, 4, 3, 5, 3, 1, 5, 4, 7, 6, 5, 7, 4, 4, 3, 7, 9, 8, 13, 4, 5, 5, 7, 10, 
10, 9, 13, 11, 11, 13, 13, 13, 11, 9, 13, 14, 20, 19, 11, 20, 14, 12, 8, 21, 
11, 14, 13, 15, 9, 18, 15, 21, 9, 15, 20, 19, 16, 18, 18, 16, 10, 19, 17, 16, 
13, 36, 24, 30, 20, 30, 38, 25, 24, 43, 33, 0, 2, 2, 0, 0, 0, 0, 1, 1, 0, 0, 2, 
0, 0, 2, 2, 1, 0, 0, 2, 5, 3, 8, 3, 8, 7, 3, 5, 6, 4, 12, 10, 6, 9, 13, 12, 12, 
9, 10, 7, 1, 4, 2, 4, 3, 3, 6, 2, 2, 6, 2, 5, 4, 2, 3, 4, 1, 1, 2, 6, 21, 18, 
32, 28, 24, 20, 18, 34, 21, 19, 41, 48, 63, 42, 41, 47, 49, 42, 44, 45, 10, 8, 
6, 3, 5, 6, 3, 9, 5, 5, 9, 5, 11, 5, 6, 10, 11, 6, 11, 6, 10, 11, 19, 16, 21, 
12, 9, 22, 13, 10, 12, 24, 19, 24, 26, 19, 24, 26, 19, 28, 8, 10, 7, 11, 11, 
24, 16, 10, 14, 12, 13, 18, 13, 18, 15, 15, 13, 23, 13, 17, 14, 11, 13, 12, 17, 
22, 14, 21, 14, 12, 32, 24, 24, 23, 27, 18, 29, 35, 20, 29, 11, 6, 13, 7, 3, 5, 
11, 12, 7, 3, 11, 9, 9, 8, 7, 9, 5, 8, 5, 13, 23, 23, 23, 20, 25, 22, 24, 28, 
31, 19, 30, 41, 37, 44, 45, 38, 32, 41, 28, 40, 10, 3, 6, 2, 12, 8, 13, 8, 7, 
7, 3, 7, 8, 5, 8, 10, 10, 6, 3, 12, 24, 27, 32, 24, 32, 38, 24, 35, 26, 23, 44, 
53, 63, 50, 60, 62, 49, 61, 60, 46, 6, 0, 3, 1, 4, 5, 4, 1, 3, 0, 7, 5, 0, 5, 
3, 3, 2, 1, 2, 4, 15, 14, 16, 23, 28, 14, 17, 20, 23, 21, 40, 42, 28, 37, 32, 
31, 32, 30, 29, 30, 6, 5, 9, 4, 3, 5, 8, 3, 4, 7, 11, 9, 7, 8, 8, 7, 10, 9, 6, 
6, 16, 13, 11, 16, 11, 17, 18, 11, 17, 11, 20, 19, 30, 24, 24, 18, 20, 28, 20, 
25, 7, 6, 3, 6, 6, 5, 9, 10, 4, 4, 7, 5, 3, 8, 8, 12, 4, 6, 6, 3, 10, 4, 4, 16, 
8, 5, 5, 10, 14, 6, 11, 10, 16, 7, 15, 8, 14, 16, 11, 12, 3, 0, 5, 4, 3, 0, 1, 
2, 3, 5, 5, 0, 2, 3, 4, 6, 3, 2, 4, 1, 13, 13, 23, 20, 16, 15, 19, 18, 14, 16, 
23, 28, 26, 31, 31, 33, 30, 31, 30, 23, 0, 0, 0, 2, 3, 0, 0, 1, 2, 0, 0, 0, 1, 
0, 0, 0, 2, 0, 0, 0, 9, 4, 8, 11, 10, 7, 10, 11, 13, 7, 12, 12, 13, 11, 15, 16, 
19, 13, 18, 17, 3, 0, 0, 1, 0, 0, 1, 0, 2, 1, 1, 2, 2, 1, 3, 2, 0, 1, 0, 3, 16, 
19, 20, 12, 17, 19, 23, 21, 15, 13, 39, 38, 47, 33, 37, 50, 26, 22, 33, 38, 0, 
0, 0, 0, 0, 0, 0, 0, 0, 0, 0, 0, 0, 0, 0, 0, 0, 0, 0, 0, 2, 0, 3, 3, 5, 9, 9, 
1, 4, 2, 10, 5, 9, 7, 8, 6, 6, 3, 2, 10, 0, 0, 0, 0, 1, 0, 0, 0, 1, 0, 1, 1, 0, 
0, 1, 1, 0, 2, 0, 0, 11, 3, 9, 5, 1, 4, 8, 0, 9, 5, 11, 8, 18, 9, 10, 17, 17, 
15, 13, 11, 1, 1, 0, 1, 0, 0, 0, 0, 1, 0, 0, 1, 0, 0, 2, 1, 3, 0, 0, 2, 5, 1, 
1, 1, 2, 4, 0, 1, 4, 0, 3, 1, 4, 2, 1, 3, 3, 4, 1, 1, 2, 5, 7, 5, 5, 8, 6, 5, 
6, 4, 3, 5, 3, 8, 4, 4, 9, 7, 5, 8, 9, 18, 10, 13, 14, 16, 15, 19, 23, 18, 25, 
29, 22, 30, 25, 26, 28, 36, 27, 31, 3, 8, 10, 2, 4, 6, 6, 8, 6, 8, 8, 10, 7, 9, 
6, 4, 5, 7, 5, 10, 9, 10, 3, 10, 12, 7, 9, 9, 9, 7, 12, 11, 16, 14, 10, 17, 17, 
10, 12, 11, 10, 17, 21, 11, 25, 23, 24, 21, 20, 15, 28, 29, 18, 19, 28, 22, 26, 
30, 17, 34, 52, 38, 46, 44, 51, 48, 55, 48, 59, 51, 76, 75, 85, 99, 84, 76, 90, 
77, 72, 102, 4, 7, 5, 3, 4, 6, 5, 3, 4, 2, 3, 3, 2, 4, 8, 8, 1, 7, 9, 6, 2, 2, 
5, 1, 6, 1, 1, 3, 2, 1, 5, 3, 6, 7, 5, 4, 7, 10, 9, 5, 2, 2, 1, 1, 0, 1, 1, 2, 
1, 3, 7, 6, 2, 4, 6, 3, 8, 3, 4, 2, 9, 6, 3, 4, 4, 2, 2, 6, 4, 3, 11, 7, 9, 10, 
8, 4, 4, 3, 9, 8, 1, 1, 0, 1, 0, 0, 0, 0, 0, 0, 0, 0, 0, 0, 0, 0, 0, 1, 0, 0, 
2, 11, 3, 8, 7, 2, 6, 7, 8, 5, 15, 11, 9, 7, 19, 14, 8, 10, 12, 18, 9, 10, 15, 
16, 18, 15, 16, 16, 20, 10, 8, 17, 23, 16, 10, 24, 19, 13, 27, 20, 24, 20, 18, 
32, 24, 25, 23, 30, 19, 26, 35, 34, 42, 40, 40, 43, 43, 32, 32, 34, 3, 1, 0, 0, 
3, 1, 1, 0, 1, 0, 3, 1, 4, 0, 2, 4, 0, 0, 1, 1, 16, 11, 26, 17, 22, 11, 19, 16, 
23, 9, 33, 38, 36, 30, 32, 26, 21, 37, 21, 33, 5, 12, 3, 11, 9, 8, 11, 7, 12, 
12, 14, 9, 10, 10, 12, 12, 14, 17, 13, 7, 13, 18, 18, 17, 8, 11, 17, 15, 15, 
17, 26, 31, 26, 25, 27, 28, 24, 24, 26, 18, 0, 1, 0, 1, 0, 0, 1, 1, 0, 0, 0, 2, 
1, 0, 3, 0, 1, 0, 0, 1, 8, 3, 4, 3, 11, 5, 10, 9, 8, 5, 22, 12, 22, 20, 20, 17, 
18, 19, 17, 18, 0, 0, 0, 0, 0, 1, 0, 0, 0, 0, 0, 0, 0, 0, 0, 0, 0, 1, 0, 0, 4, 
1, 6, 0, 3, 7, 6, 4, 5, 1, 9, 8, 9, 6, 11, 10, 3, 4, 10, 6
),
n=c(596, 622, 647, 666, 682, 691, 702, 720, 739, 762, 461, 470, 479, 490, 499, 502, 
510, 521, 535, 551, 3724, 3831, 3933, 4030, 4107, 4146, 4203, 4307, 4423, 4509, 
2527, 2608, 2703, 2798, 2882, 2937, 3014, 3129, 3244, 3338, 54, 52, 54, 57, 58, 
59, 60, 61, 62, 65, 46, 47, 47, 46, 45, 45, 45, 46, 46, 46, 697, 722, 752, 782, 
805, 823, 843, 868, 892, 915, 576, 583, 598, 618, 633, 645, 658, 676, 693, 708, 
11, 11, 11, 11, 10, 10, 9, 9, 9, 8, 7, 8, 8, 8, 8, 8, 8, 8, 8, 8, 439, 443, 
461, 478, 486, 494, 492, 503, 515, 521, 393, 384, 392, 401, 403, 404, 399, 407, 
411, 413, 448, 455, 464, 471, 476, 476, 478, 481, 482, 485, 296, 297, 294, 294, 
294, 289, 286, 285, 283, 282, 744, 741, 751, 760, 769, 774, 776, 783, 785, 787, 
526, 543, 546, 550, 555, 556, 560, 564, 566, 565, 8, 9, 9, 9, 9, 9, 10, 10, 10, 
10, 8, 8, 8, 7, 7, 6, 6, 6, 5, 5, 1076, 1083, 1101, 1115, 1129, 1136, 1137, 
1132, 1140, 1143, 824, 840, 856, 869, 885, 894, 902, 904, 917, 923, 3, 3, 3, 3, 
4, 4, 3, 3, 3, 4, 1, 1, 2, 2, 3, 3, 5, 5, 6, 6, 566, 578, 592, 604, 616, 627, 
627, 636, 650, 656, 472, 466, 483, 496, 513, 525, 532, 544, 561, 573, 561, 567, 
579, 586, 590, 591, 585, 578, 575, 576, 382, 371, 378, 383, 384, 386, 383, 382, 
380, 385, 1425, 1442, 1483, 1513, 1538, 1552, 1543, 1549, 1554, 1565, 991, 
1029, 1051, 1069, 1089, 1097, 1095, 1103, 1107, 1115, 478, 482, 491, 495, 499, 
497, 495, 494, 492, 490, 360, 370, 370, 372, 372, 372, 367, 367, 365, 365, 530, 
549, 547, 548, 549, 543, 536, 531, 528, 519, 386, 392, 393, 395, 400, 395, 397, 
399, 398, 394, 390, 403, 423, 436, 446, 458, 469, 479, 491, 505, 341, 358, 357, 
354, 349, 346, 340, 340, 336, 336, 775, 794, 817, 832, 843, 859, 869, 886, 903, 
917, 665, 674, 670, 665, 657, 653, 649, 646, 642, 637, 278, 292, 294, 297, 302, 
310, 312, 319, 319, 321, 229, 222, 221, 223, 225, 231, 229, 235, 238, 239, 
1088, 1133, 1269, 1394, 1527, 1673, 1804, 1956, 2088, 2188, 941, 1020, 1164, 
1294, 1436, 1587, 1731, 1893, 2035, 2145, 683, 682, 676, 673, 660, 652, 640, 
633, 626, 619, 443, 446, 441, 441, 435, 430, 429, 428, 425, 427, 6903, 7041, 
7207, 7383, 7479, 7597, 7708, 7872, 8010, 8131, 4990, 5059, 5206, 5377, 5490, 
5617, 5753, 5938, 6085, 6227, 167, 172, 178, 182, 187, 189, 193, 194, 197, 202, 
130, 134, 134, 135, 133, 132, 131, 132, 131, 132, 2499, 2571, 2651, 2735, 2769, 
2826, 2882, 2945, 2998, 3062, 1814, 1859, 1919, 1985, 2021, 2070, 2125, 2188, 
2235, 2295, 462, 462, 465, 466, 464, 460, 453, 450, 446, 446, 302, 302, 300, 
298, 293, 290, 283, 281, 280, 279, 3399, 3437, 3534, 3615, 3667, 3715, 3741, 
3800, 3866, 3922, 2431, 2473, 2523, 2575, 2610, 2639, 2659, 2707, 2753, 2794, 
135, 140, 144, 145, 144, 148, 150, 148, 149, 154, 96, 95, 94, 94, 92, 93, 94, 
93, 94, 94, 2197, 2293, 2351, 2396, 2418, 2481, 2548, 2587, 2638, 2693, 1599, 
1674, 1722, 1765, 1792, 1849, 1913, 1960, 2008, 2063, 59, 61, 59, 60, 59, 58, 
58, 58, 58, 59, 53, 52, 50, 50, 48, 47, 47, 46, 47, 47, 172, 174, 176, 179, 
185, 187, 185, 187, 193, 198, 146, 146, 147, 152, 158, 163, 162, 168, 173, 179, 
120, 121, 125, 128, 133, 137, 138, 140, 143, 145, 89, 93, 93, 93, 94, 93, 94, 
95, 95, 94, 1545, 1587, 1688, 1784, 1892, 1985, 2059, 2159, 2239, 2290, 1285, 
1318, 1417, 1513, 1620, 1717, 1798, 1910, 1991, 2053, 260, 259, 276, 293, 305, 
316, 323, 332, 338, 344, 202, 207, 218, 233, 239, 249, 254, 263, 269, 275, 479, 
496, 519, 548, 561, 578, 589, 603, 610, 616, 380, 382, 398, 420, 429, 441, 450, 
461, 468, 473, 282, 292, 293, 297, 297, 296, 296, 298, 299, 299, 202, 211, 209, 
209, 207, 208, 204, 203, 205, 205, 3434, 3551, 3687, 3799, 3910, 4004, 4099, 
4213, 4331, 4438, 2534, 2623, 2719, 2804, 2894, 2968, 3052, 3156, 3249, 3339, 
284, 293, 304, 309, 315, 321, 323, 332, 336, 346, 242, 256, 255, 255, 254, 255, 
252, 256, 257, 259, 987, 1028, 1087, 1137, 1178, 1223, 1264, 1326, 1372, 1420, 
764, 785, 834, 873, 911, 951, 987, 1044, 1085, 1127, 14, 16, 18, 18, 18, 20, 
20, 22, 22, 22, 7, 7, 7, 8, 9, 9, 10, 10, 10, 11, 882, 917, 960, 990, 1014, 
1043, 1065, 1088, 1129, 1161, 761, 774, 806, 832, 852, 877, 897, 922, 957, 984, 
208, 213, 213, 214, 218, 219, 221, 224, 224, 227, 165, 169, 164, 162, 161, 161, 
157, 157, 157, 156, 398, 387, 405, 421, 436, 454, 471, 493, 512, 527, 328, 333, 
346, 357, 370, 384, 400, 417, 434, 446, 2, 2, 2, 2, 3, 3, 4, 4, 4, 5, 3, 2, 2, 
2, 2, 2, 3, 3, 3, 3, 325, 333, 360, 378, 395, 415, 422, 447, 461, 473, 340, 
346, 356, 365, 370, 376, 374, 387, 391, 393, 468, 493, 506, 515, 522, 531, 542, 
546, 555, 565, 358, 369, 374, 375, 375, 381, 385, 387, 392, 399, 2827, 2905, 
2964, 3008, 3032, 3086, 3139, 3174, 3213, 3255, 1988, 2031, 2075, 2112, 2144, 
2188, 2244, 2284, 2325, 2368, 554, 583, 607, 618, 630, 642, 650, 662, 677, 686, 
453, 468, 469, 466, 463, 460, 459, 456, 458, 454, 1471, 1513, 1551, 1565, 1585, 
1601, 1611, 1631, 1661, 1658, 1084, 1091, 1105, 1109, 1121, 1128, 1130, 1145, 
1161, 1157, 651, 664, 675, 690, 697, 713, 727, 730, 727, 738, 458, 461, 468, 
477, 483, 495, 506, 511, 509, 520, 1426, 1476, 1593, 1702, 1801, 1918, 2039, 
2131, 2199, 2295, 987, 1033, 1167, 1292, 1411, 1539, 1681, 1798, 1892, 2009, 
1307, 1339, 1383, 1411, 1448, 1481, 1498, 1520, 1556, 1573, 929, 954, 970, 985, 
1005, 1024, 1037, 1052, 1076, 1087, 3057, 3133, 3302, 3427, 3583, 3724, 3840, 
3966, 4127, 4199, 2024, 2117, 2262, 2376, 2517, 2647, 2764, 2892, 3037, 3119, 
73, 66, 66, 67, 69, 70, 68, 70, 69, 69, 64, 67, 64, 63, 65, 62, 59, 58, 56, 57, 
378, 390, 394, 409, 437, 447, 442, 457, 464, 471, 325, 354, 358, 370, 398, 408, 
407, 421, 430, 440, 38, 45, 43, 39, 37, 36, 35, 35, 34, 35, 23, 24, 23, 22, 21, 
21, 20, 20, 21, 21, 543, 577, 602, 625, 647, 677, 716, 774, 824, 879, 510, 526, 
548, 569, 590, 619, 656, 716, 762, 814, 336, 354, 367, 374, 378, 385, 387, 392, 
404, 408, 249, 251, 257, 263, 264, 270, 272, 277, 285, 290, 3648, 3771, 3901, 
4003, 4091, 4185, 4256, 4357, 4507, 4566, 2753, 2834, 2941, 3039, 3127, 3218, 
3300, 3408, 3544, 3614, 83, 86, 88, 88, 89, 88, 88, 89, 90, 89, 64, 67, 68, 67, 
68, 66, 67, 68, 69, 70, 783, 795, 850, 887, 929, 955, 1000, 1045, 1086, 1119, 
612, 622, 662, 693, 727, 749, 785, 825, 858, 888, 544, 563, 568, 572, 575, 582, 
579, 580, 582, 583, 396, 403, 400, 400, 398, 398, 393, 392, 391, 389, 1298, 
1332, 1329, 1334, 1332, 1336, 1322, 1323, 1319, 1307, 883, 904, 908, 920, 929, 
942, 944, 959, 968, 969, 1976, 2010, 2010, 1999, 1989, 1982, 1969, 1991, 2004, 
2009, 1328, 1320, 1295, 1277, 1258, 1243, 1230, 1240, 1241, 1242, 3944, 3973, 
3996, 4020, 4052, 4078, 4107, 4218, 4299, 4335, 2499, 2538, 2587, 2636, 2693, 
2745, 2805, 2926, 3019, 3082, 986, 990, 1028, 1058, 1080, 1096, 1121, 1152, 
1173, 1200, 668, 674, 684, 696, 702, 704, 715, 731, 738, 753, 1312, 1306, 1315, 
1323, 1325, 1319, 1323, 1335, 1338, 1336, 758, 755, 783, 812, 838, 857, 887, 
922, 952, 976, 2159, 2172, 2186, 2188, 2183, 2168, 2160, 2150, 2155, 2152, 
1371, 1383, 1373, 1366, 1357, 1342, 1332, 1326, 1325, 1323, 6977, 7095, 7337, 
7523, 7699, 7836, 7990, 8164, 8385, 8508, 4697, 4814, 5019, 5195, 5369, 5511, 
5687, 5882, 6097, 6241, 460, 465, 471, 474, 479, 482, 488, 507, 519, 520, 324, 
329, 326, 327, 326, 326, 328, 338, 344, 345, 994, 1005, 1005, 1008, 1014, 1017, 
1029, 1064, 1085, 1082, 645, 659, 665, 675, 687, 697, 716, 753, 775, 782, 704, 
721, 733, 744, 744, 747, 751, 750, 750, 757, 477, 475, 476, 475, 473, 469, 471, 
468, 465, 469, 5728, 5853, 5979, 6084, 6137, 6215, 6299, 6336, 6399, 6459, 
3836, 3885, 3992, 4095, 4167, 4254, 4357, 4435, 4516, 4597, 154, 154, 156, 159, 
158, 161, 163, 168, 169, 173, 140, 137, 135, 137, 134, 135, 135, 136, 139, 139, 
262, 264, 264, 268, 268, 271, 271, 275, 279, 278, 209, 212, 210, 212, 211, 210, 
212, 216, 215, 216, 0, 0, 0, 0, 0, 0, 0, 0, 0, 0, 0, 0, 0, 0, 0, 0, 0, 0, 0, 0, 
274, 283, 293, 305, 312, 325, 330, 341, 349, 353, 260, 268, 269, 275, 278, 284, 
285, 292, 294, 293, 508, 503, 520, 533, 545, 557, 561, 581, 595, 611, 417, 423, 
421, 419, 419, 417, 411, 418, 418, 423, 881, 906, 918, 931, 944, 949, 952, 978, 
991, 1005, 595, 618, 629, 640, 654, 663, 669, 698, 711, 727, 196, 205, 208, 
210, 217, 219, 219, 221, 222, 223, 169, 175, 170, 164, 164, 160, 154, 150, 146, 
142, 430, 422, 428, 434, 447, 451, 452, 459, 461, 461, 264, 264, 268, 272, 284, 
287, 291, 299, 301, 303, 2161, 2223, 2276, 2317, 2344, 2368, 2381, 2417, 2460, 
2512, 1459, 1505, 1521, 1544, 1557, 1565, 1573, 1598, 1625, 1660, 9445, 9565, 
9776, 9955, 10113, 10227, 10313, 10526, 10746, 10915, 6468, 6592, 6793, 6984, 
7166, 7311, 7456, 7708, 7940, 8142, 914, 944, 966, 983, 993, 1001, 1004, 1014, 
1030, 1043, 714, 712, 714, 715, 713, 709, 705, 708, 711, 715, 1540, 1568, 1571, 
1581, 1589, 1587, 1584, 1593, 1605, 1606, 1026, 1045, 1050, 1070, 1087, 1098, 
1109, 1130, 1154, 1166, 424, 436, 446, 453, 458, 461, 466, 474, 484, 493, 331, 
346, 345, 341, 339, 334, 332, 332, 333, 337, 1898, 1943, 1979, 2006, 2025, 
2037, 2069, 2111, 2156, 2189, 1223, 1277, 1313, 1345, 1376, 1399, 1440, 1491, 
1540, 1579, 35, 35, 36, 35, 37, 36, 36, 35, 37, 37, 25, 24, 23, 22, 21, 20, 19, 
19, 18, 16, 2074, 2107, 2209, 2291, 2348, 2430, 2492, 2590, 2629, 2691, 1665, 
1707, 1769, 1824, 1861, 1916, 1960, 2036, 2058, 2102, 100, 97, 98, 98, 97, 97, 
94, 92, 94, 93, 77, 78, 76, 73, 71, 68, 66, 65, 63, 61, 3402, 3505, 3690, 3841, 
3964, 4097, 4196, 4306, 4402, 4515, 2665, 2768, 2931, 3075, 3196, 3327, 3436, 
3559, 3662, 3783, 464, 481, 498, 508, 520, 525, 531, 542, 542, 546, 375, 381, 
384, 387, 390, 391, 391, 397, 393, 394, 534, 550, 549, 553, 559, 555, 556, 560, 
554, 545, 345, 352, 356, 361, 370, 372, 379, 390, 389, 389, 240, 249, 259, 261, 
262, 265, 265, 271, 274, 274, 176, 184, 184, 183, 181, 179, 178, 178, 179, 176, 
312, 333, 349, 360, 367, 374, 383, 398, 413, 415, 205, 210, 226, 237, 247, 259, 
267, 284, 297, 306, 102, 100, 100, 97, 96, 93, 90, 87, 85, 80, 76, 80, 79, 77, 
76, 73, 72, 70, 68, 67, 215, 214, 215, 213, 213, 212, 210, 207, 201, 195, 164, 
170, 171, 170, 171, 170, 170, 169, 163, 160, 443, 447, 460, 467, 471, 478, 479, 
485, 495, 503, 347, 355, 351, 346, 338, 335, 331, 327, 325, 325, 2945, 3024, 
3109, 3163, 3199, 3263, 3296, 3357, 3433, 3502, 2185, 2239, 2298, 2344, 2379, 
2433, 2467, 2529, 2595, 2656, 21, 21, 20, 20, 19, 19, 18, 18, 17, 17, 15, 14, 
15, 14, 14, 15, 14, 15, 15, 15, 876, 887, 924, 951, 974, 995, 1004, 1006, 1033, 
1048, 705, 713, 738, 757, 777, 793, 801, 804, 825, 840, 496, 497, 504, 507, 
509, 515, 522, 527, 531, 536, 341, 340, 342, 340, 339, 342, 344, 349, 349, 354, 
2471, 2533, 2597, 2644, 2684, 2750, 2816, 2891, 2941, 2989, 1672, 1716, 1769, 
1814, 1857, 1915, 1981, 2054, 2107, 2156, 167, 161, 165, 169, 170, 166, 168, 
169, 167, 173, 110, 114, 115, 119, 121, 115, 117, 119, 122, 125, 267, 274, 280, 
284, 290, 281, 285, 288, 293, 293, 226, 230, 233, 234, 239, 228, 231, 235, 234, 
235, 252, 259, 266, 274, 281, 289, 297, 303, 303, 312, 169, 171, 173, 180, 186, 
192, 198, 204, 207, 212, 1033, 1091, 1147, 1195, 1247, 1302, 1363, 1418, 1447, 
1491, 744, 777, 830, 878, 926, 977, 1041, 1095, 1128, 1175, 927, 943, 957, 957, 
965, 963, 951, 947, 947, 947, 602, 618, 618, 614, 610, 607, 598, 593, 591, 588, 
1556, 1567, 1619, 1651, 1696, 1722, 1738, 1766, 1803, 1817, 986, 1000, 1050, 
1088, 1133, 1170, 1199, 1237, 1282, 1310, 112, 117, 118, 119, 120, 120, 122, 
120, 123, 126, 54, 56, 61, 61, 66, 68, 73, 77, 81, 87, 1330, 1388, 1445, 1492, 
1531, 1584, 1637, 1686, 1750, 1822, 1079, 1109, 1140, 1169, 1191, 1224, 1261, 
1296, 1340, 1391, 53, 56, 57, 61, 60, 61, 60, 61, 61, 63, 33, 32, 34, 36, 37, 
39, 41, 43, 45, 46, 1393, 1419, 1469, 1497, 1513, 1532, 1538, 1550, 1571, 1578, 
1055, 1074, 1114, 1142, 1161, 1181, 1193, 1216, 1237, 1251, 12, 13, 13, 13, 13, 
13, 13, 13, 13, 13, 12, 11, 11, 11, 11, 11, 11, 11, 11, 11, 1188, 1243, 1328, 
1388, 1430, 1475, 1500, 1513, 1537, 1557, 1084, 1140, 1196, 1236, 1262, 1289, 
1300, 1305, 1315, 1323, 4, 3, 4, 4, 4, 5, 4, 5, 5, 5, 4, 4, 4, 4, 3, 3, 2, 2, 
2, 1, 799, 805, 824, 819, 817, 829, 828, 838, 838, 832, 663, 670, 687, 684, 
688, 697, 701, 714, 717, 715, 404, 428, 445, 451, 459, 464, 466, 469, 476, 480, 
323, 340, 345, 346, 344, 344, 339, 340, 341, 343, 700, 728, 750, 759, 773, 779, 
780, 788, 801, 803, 500, 511, 525, 530, 537, 544, 547, 556, 563, 566, 2714, 
2739, 2804, 2855, 2879, 2915, 2950, 3007, 3082, 3160, 1870, 1886, 1889, 1901, 
1894, 1897, 1906, 1932, 1968, 2008, 9794, 9938, 10279, 10578, 10796, 11056, 
11305, 11672, 12106, 12444, 6625, 6818, 7125, 7411, 7649, 7910, 8185, 8562, 
8960, 9295, 4, 4, 4, 3, 3, 3, 1, 1, 1, 1, 3, 3, 3, 3, 2, 2, 1, 1, 1, 0, 735, 
750, 756, 756, 755, 762, 765, 767, 771, 781, 562, 565, 569, 576, 575, 584, 590, 
598, 603, 612, 182, 181, 190, 194, 206, 212, 215, 220, 226, 232, 130, 129, 131, 
134, 136, 139, 140, 141, 146, 148, 743, 751, 768, 779, 800, 817, 822, 833, 852, 
851, 560, 572, 583, 589, 609, 622, 628, 637, 653, 651, 495, 512, 498, 489, 482, 
475, 462, 455, 452, 448, 349, 344, 333, 329, 321, 317, 308, 304, 302, 301, 
2086, 2209, 2380, 2524, 2683, 2839, 2966, 3140, 3311, 3497, 1766, 1871, 2014, 
2139, 2282, 2419, 2539, 2700, 2853, 3021, 745, 753, 773, 788, 800, 806, 812, 
822, 834, 842, 535, 535, 538, 539, 541, 539, 541, 543, 547, 550, 1961, 1979, 
2045, 2097, 2151, 2183, 2224, 2273, 2329, 2357, 1286, 1306, 1359, 1407, 1455, 
1490, 1532, 1583, 1637, 1669, 901, 927, 947, 962, 969, 977, 980, 997, 1008, 
1019, 603, 624, 630, 642, 643, 645, 649, 663, 669, 676, 3002, 3070, 3218, 3361, 
3467, 3568, 3671, 3826, 3951, 4036, 2067, 2149, 2288, 2419, 2531, 2636, 2750, 
2907, 3034, 3132, 519, 528, 542, 548, 554, 562, 568, 578, 577, 578, 406, 405, 
414, 420, 426, 434, 442, 453, 455, 457, 543, 547, 551, 557, 563, 572, 579, 590, 
590, 585, 405, 404, 417, 428, 438, 449, 462, 479, 482, 486, 255, 270, 279, 290, 
301, 314, 323, 338, 347, 353, 194, 204, 206, 211, 215, 222, 224, 232, 240, 242, 
1279, 1340, 1408, 1465, 1555, 1620, 1696, 1795, 1864, 1907, 954, 998, 1056, 
1110, 1189, 1251, 1324, 1414, 1478, 1522, 408, 421, 426, 431, 436, 441, 446, 
460, 470, 485, 327, 326, 324, 325, 327, 327, 332, 342, 346, 357, 1538, 1589, 
1632, 1674, 1729, 1771, 1833, 1921, 1991, 2064, 1156, 1193, 1220, 1253, 1295, 
1328, 1378, 1452, 1508, 1566, 125, 125, 126, 128, 128, 130, 131, 130, 130, 131, 
106, 105, 103, 102, 104, 102, 102, 102, 101, 101, 358, 372, 385, 402, 413, 428, 
438, 450, 457, 467, 290, 292, 307, 322, 337, 351, 366, 380, 387, 401, 391, 400, 
405, 412, 411, 416, 419, 429, 433, 439, 272, 278, 280, 286, 286, 292, 293, 304, 
310, 316, 842, 827, 838, 853, 861, 873, 886, 912, 928, 940, 516, 537, 562, 587, 
605, 630, 657, 692, 719, 741, 349, 347, 346, 348, 345, 349, 347, 356, 363, 369, 
257, 265, 260, 258, 256, 255, 254, 258, 263, 267, 606, 627, 663, 692, 722, 752, 
786, 830, 883, 922, 501, 509, 556, 594, 634, 672, 716, 772, 832, 879, 187, 188, 
185, 181, 179, 179, 179, 178, 177, 179, 161, 157, 149, 144, 138, 135, 132, 129, 
126, 125, 346, 348, 356, 361, 369, 380, 395, 407, 419, 432, 268, 272, 284, 293, 
305, 319, 337, 354, 368, 384, 288, 296, 304, 314, 320, 325, 330, 337, 345, 353, 
220, 237, 238, 242, 241, 242, 243, 247, 251, 256, 942, 959, 973, 990, 999, 
1007, 1012, 1033, 1049, 1064, 670, 685, 691, 702, 707, 711, 717, 731, 743, 752, 
1097, 1105, 1129, 1145, 1157, 1165, 1173, 1195, 1220, 1249, 747, 739, 736, 735, 
734, 731, 729, 737, 745, 756, 1879, 1917, 1985, 2039, 2091, 2136, 2177, 2252, 
2330, 2396, 1258, 1287, 1347, 1399, 1451, 1496, 1545, 1619, 1690, 1755, 64, 62, 
65, 66, 67, 67, 67, 66, 65, 67, 43, 46, 45, 44, 40, 40, 36, 34, 33, 32, 845, 
850, 901, 935, 941, 970, 975, 987, 1002, 1013, 614, 634, 675, 701, 712, 735, 
745, 759, 775, 788, 203, 218, 221, 224, 228, 230, 232, 236, 239, 243, 148, 155, 
154, 154, 155, 154, 152, 154, 154, 158, 3160, 3268, 3368, 3455, 3548, 3635, 
3700, 3814, 3929, 4049, 2467, 2514, 2551, 2610, 2671, 2730, 2778, 2869, 2952, 
3040, 506, 508, 514, 515, 518, 521, 525, 526, 525, 530, 365, 382, 376, 365, 
361, 356, 352, 347, 339, 339, 1455, 1488, 1516, 1527, 1557, 1583, 1619, 1648, 
1659, 1684, 1009, 1042, 1062, 1074, 1101, 1123, 1156, 1186, 1199, 1221, 943, 
950, 982, 1004, 1023, 1039, 1048, 1059, 1076, 1093, 698, 698, 694, 689, 684, 
676, 665, 655, 649, 643, 1895, 1926, 1947, 1956, 1966, 1961, 1951, 1943, 1951, 
1937, 1222, 1261, 1292, 1313, 1339, 1355, 1368, 1388, 1415, 1423, 592, 609, 
621, 627, 629, 628, 626, 629, 631, 639, 415, 432, 438, 439, 440, 438, 437, 440, 
442, 448, 3088, 3161, 3243, 3288, 3333, 3351, 3374, 3411, 3459, 3493, 2108, 
2133, 2199, 2246, 2297, 2328, 2365, 2422, 2477, 2524, 562, 581, 595, 608, 612, 
614, 624, 634, 639, 654, 418, 441, 441, 442, 439, 435, 441, 443, 441, 449, 
4020, 4118, 4222, 4312, 4378, 4405, 4511, 4610, 4667, 4775, 3043, 3129, 3185, 
3248, 3297, 3313, 3397, 3484, 3526, 3610, 242, 247, 248, 250, 245, 244, 240, 
237, 233, 233, 160, 164, 164, 166, 165, 166, 163, 162, 163, 163, 2349, 2412, 
2474, 2533, 2538, 2583, 2598, 2608, 2632, 2653, 1718, 1745, 1781, 1822, 1825, 
1857, 1877, 1892, 1909, 1930, 652, 670, 677, 680, 680, 680, 675, 672, 675, 680, 
485, 494, 493, 491, 490, 488, 483, 482, 482, 486, 1532, 1571, 1585, 1596, 1602, 
1611, 1604, 1609, 1625, 1629, 1137, 1170, 1169, 1172, 1173, 1174, 1167, 1172, 
1180, 1180, 412, 432, 439, 443, 441, 444, 435, 434, 438, 439, 254, 269, 270, 
274, 275, 275, 271, 272, 275, 280, 741, 756, 777, 796, 812, 829, 830, 842, 865, 
877, 508, 529, 537, 545, 550, 555, 555, 560, 572, 576, 215, 224, 222, 222, 221, 
221, 220, 217, 215, 218, 145, 147, 146, 145, 147, 147, 146, 145, 146, 148, 
2047, 2095, 2120, 2149, 2173, 2212, 2231, 2255, 2284, 2311, 1491, 1556, 1567, 
1587, 1605, 1636, 1654, 1677, 1701, 1724, 55, 57, 59, 61, 62, 63, 64, 66, 67, 
68, 45, 46, 48, 49, 48, 49, 49, 52, 53, 54, 1076, 1117, 1151, 1182, 1195, 1220, 
1235, 1254, 1283, 1294, 818, 838, 859, 883, 893, 909, 924, 940, 961, 974, 106, 
107, 111, 113, 115, 116, 118, 118, 122, 124, 68, 65, 69, 70, 74, 76, 78, 81, 
85, 88, 2497, 2559, 2612, 2661, 2693, 2731, 2757, 2808, 2854, 2882, 1818, 1829, 
1857, 1890, 1910, 1939, 1959, 2004, 2034, 2057, 5, 5, 5, 5, 6, 6, 5, 5, 5, 6, 
4, 4, 4, 4, 3, 3, 2, 2, 2, 1, 422, 435, 445, 451, 458, 462, 459, 464, 462, 455, 
337, 342, 349, 354, 360, 364, 361, 366, 365, 361, 33, 36, 36, 36, 38, 36, 35, 
37, 36, 37, 23, 24, 24, 22, 22, 21, 20, 20, 19, 19, 990, 1022, 1091, 1150, 
1196, 1251, 1300, 1366, 1405, 1444, 841, 870, 928, 983, 1030, 1081, 1126, 1194, 
1232, 1273, 80, 83, 82, 84, 82, 80, 78, 76, 77, 74, 59, 59, 58, 59, 58, 57, 57, 
56, 56, 57, 130, 133, 139, 142, 141, 142, 144, 144, 147, 146, 131, 126, 125, 
125, 123, 121, 119, 117, 115, 112, 368, 365, 371, 372, 371, 371, 368, 369, 371, 
374, 268, 274, 268, 264, 256, 248, 242, 239, 234, 231, 1965, 2017, 2072, 2118, 
2149, 2180, 2207, 2250, 2305, 2350, 1381, 1401, 1461, 1513, 1558, 1602, 1645, 
1707, 1767, 1827, 576, 599, 606, 611, 612, 611, 612, 616, 620, 620, 400, 423, 
421, 421, 419, 415, 414, 416, 415, 416, 1014, 1018, 1038, 1059, 1072, 1080, 
1097, 1121, 1135, 1141, 662, 680, 692, 708, 720, 729, 746, 768, 784, 790, 1828, 
1887, 1905, 1919, 1946, 1992, 2043, 2088, 2110, 2175, 1355, 1353, 1343, 1338, 
1346, 1366, 1393, 1419, 1427, 1468, 6264, 6494, 6703, 6874, 7124, 7418, 7746, 
8070, 8300, 8627, 4138, 4336, 4528, 4697, 4926, 5179, 5472, 5777, 5994, 6284, 
391, 394, 412, 423, 437, 451, 460, 473, 485, 498, 342, 337, 335, 334, 338, 341, 
338, 341, 342, 345, 390, 397, 404, 409, 416, 426, 427, 437, 444, 449, 296, 304, 
321, 335, 352, 372, 386, 406, 423, 437, 176, 179, 184, 187, 193, 196, 196, 203, 
207, 214, 130, 132, 135, 138, 141, 143, 144, 149, 154, 160, 374, 383, 388, 394, 
398, 401, 407, 415, 425, 429, 291, 302, 305, 308, 313, 313, 320, 326, 335, 340, 
11, 11, 12, 11, 12, 12, 12, 12, 13, 13, 9, 10, 10, 10, 10, 10, 10, 10, 10, 10, 
948, 965, 1017, 1052, 1080, 1106, 1128, 1162, 1184, 1205, 756, 784, 827, 858, 
885, 909, 932, 967, 990, 1012, 1058, 1072, 1099, 1115, 1128, 1143, 1149, 1143, 
1160, 1180, 702, 737, 741, 745, 748, 749, 749, 744, 754, 764, 2142, 2173, 2245, 
2296, 2352, 2397, 2437, 2457, 2519, 2569, 1431, 1464, 1524, 1574, 1626, 1676, 
1722, 1756, 1815, 1867, 117, 114, 117, 119, 121, 125, 125, 125, 128, 131, 91, 
92, 91, 90, 90, 91, 90, 88, 89, 88, 2048, 2126, 2183, 2230, 2273, 2310, 2332, 
2364, 2409, 2434, 1518, 1593, 1634, 1672, 1712, 1743, 1769, 1804, 1843, 1871, 
779, 795, 821, 840, 857, 870, 872, 888, 906, 924, 552, 554, 552, 553, 553, 549, 
542, 542, 544, 548, 1699, 1747, 1796, 1837, 1883, 1910, 1922, 1962, 2013, 2042, 
1131, 1161, 1196, 1230, 1265, 1292, 1309, 1349, 1390, 1417, 52, 50, 52, 53, 54, 
54, 55, 56, 56, 58, 54, 54, 52, 50, 46, 44, 42, 40, 39, 38, 1176, 1204, 1238, 
1267, 1286, 1299, 1305, 1331, 1361, 1385, 886, 910, 933, 957, 977, 988, 996, 
1023, 1050, 1072, 7, 6, 6, 7, 7, 7, 9, 9, 9, 9, 5, 5, 5, 6, 6, 6, 6, 6, 6, 6, 
683, 712, 733, 751, 759, 777, 791, 810, 829, 835, 605, 613, 619, 629, 627, 636, 
642, 654, 663, 664
),
county=c(1, 1, 1, 1, 1, 1, 1, 1, 1, 1, 1, 1, 1, 1, 1, 1, 1, 1, 1, 1, 1, 1, 1, 1, 1, 1, 
1, 1, 1, 1, 1, 1, 1, 1, 1, 1, 1, 1, 1, 1, 2, 2, 2, 2, 2, 2, 2, 2, 2, 2, 2, 2, 
2, 2, 2, 2, 2, 2, 2, 2, 2, 2, 2, 2, 2, 2, 2, 2, 2, 2, 2, 2, 2, 2, 2, 2, 2, 2, 
2, 2, 3, 3, 3, 3, 3, 3, 3, 3, 3, 3, 3, 3, 3, 3, 3, 3, 3, 3, 3, 3, 3, 3, 3, 3, 
3, 3, 3, 3, 3, 3, 3, 3, 3, 3, 3, 3, 3, 3, 3, 3, 4, 4, 4, 4, 4, 4, 4, 4, 4, 4, 
4, 4, 4, 4, 4, 4, 4, 4, 4, 4, 4, 4, 4, 4, 4, 4, 4, 4, 4, 4, 4, 4, 4, 4, 4, 4, 
4, 4, 4, 4, 5, 5, 5, 5, 5, 5, 5, 5, 5, 5, 5, 5, 5, 5, 5, 5, 5, 5, 5, 5, 5, 5, 
5, 5, 5, 5, 5, 5, 5, 5, 5, 5, 5, 5, 5, 5, 5, 5, 5, 5, 6, 6, 6, 6, 6, 6, 6, 6, 
6, 6, 6, 6, 6, 6, 6, 6, 6, 6, 6, 6, 6, 6, 6, 6, 6, 6, 6, 6, 6, 6, 6, 6, 6, 6, 
6, 6, 6, 6, 6, 6, 7, 7, 7, 7, 7, 7, 7, 7, 7, 7, 7, 7, 7, 7, 7, 7, 7, 7, 7, 7, 
7, 7, 7, 7, 7, 7, 7, 7, 7, 7, 7, 7, 7, 7, 7, 7, 7, 7, 7, 7, 8, 8, 8, 8, 8, 8, 
8, 8, 8, 8, 8, 8, 8, 8, 8, 8, 8, 8, 8, 8, 8, 8, 8, 8, 8, 8, 8, 8, 8, 8, 8, 8, 
8, 8, 8, 8, 8, 8, 8, 8, 9, 9, 9, 9, 9, 9, 9, 9, 9, 9, 9, 9, 9, 9, 9, 9, 9, 9, 
9, 9, 9, 9, 9, 9, 9, 9, 9, 9, 9, 9, 9, 9, 9, 9, 9, 9, 9, 9, 9, 9, 10, 10, 10, 
10, 10, 10, 10, 10, 10, 10, 10, 10, 10, 10, 10, 10, 10, 10, 10, 10, 10, 10, 10, 
10, 10, 10, 10, 10, 10, 10, 10, 10, 10, 10, 10, 10, 10, 10, 10, 10, 11, 11, 11, 
11, 11, 11, 11, 11, 11, 11, 11, 11, 11, 11, 11, 11, 11, 11, 11, 11, 11, 11, 11, 
11, 11, 11, 11, 11, 11, 11, 11, 11, 11, 11, 11, 11, 11, 11, 11, 11, 12, 12, 12, 
12, 12, 12, 12, 12, 12, 12, 12, 12, 12, 12, 12, 12, 12, 12, 12, 12, 12, 12, 12, 
12, 12, 12, 12, 12, 12, 12, 12, 12, 12, 12, 12, 12, 12, 12, 12, 12, 13, 13, 13, 
13, 13, 13, 13, 13, 13, 13, 13, 13, 13, 13, 13, 13, 13, 13, 13, 13, 13, 13, 13, 
13, 13, 13, 13, 13, 13, 13, 13, 13, 13, 13, 13, 13, 13, 13, 13, 13, 14, 14, 14, 
14, 14, 14, 14, 14, 14, 14, 14, 14, 14, 14, 14, 14, 14, 14, 14, 14, 14, 14, 14, 
14, 14, 14, 14, 14, 14, 14, 14, 14, 14, 14, 14, 14, 14, 14, 14, 14, 15, 15, 15, 
15, 15, 15, 15, 15, 15, 15, 15, 15, 15, 15, 15, 15, 15, 15, 15, 15, 15, 15, 15, 
15, 15, 15, 15, 15, 15, 15, 15, 15, 15, 15, 15, 15, 15, 15, 15, 15, 16, 16, 16, 
16, 16, 16, 16, 16, 16, 16, 16, 16, 16, 16, 16, 16, 16, 16, 16, 16, 16, 16, 16, 
16, 16, 16, 16, 16, 16, 16, 16, 16, 16, 16, 16, 16, 16, 16, 16, 16, 17, 17, 17, 
17, 17, 17, 17, 17, 17, 17, 17, 17, 17, 17, 17, 17, 17, 17, 17, 17, 17, 17, 17, 
17, 17, 17, 17, 17, 17, 17, 17, 17, 17, 17, 17, 17, 17, 17, 17, 17, 18, 18, 18, 
18, 18, 18, 18, 18, 18, 18, 18, 18, 18, 18, 18, 18, 18, 18, 18, 18, 18, 18, 18, 
18, 18, 18, 18, 18, 18, 18, 18, 18, 18, 18, 18, 18, 18, 18, 18, 18, 19, 19, 19, 
19, 19, 19, 19, 19, 19, 19, 19, 19, 19, 19, 19, 19, 19, 19, 19, 19, 19, 19, 19, 
19, 19, 19, 19, 19, 19, 19, 19, 19, 19, 19, 19, 19, 19, 19, 19, 19, 20, 20, 20, 
20, 20, 20, 20, 20, 20, 20, 20, 20, 20, 20, 20, 20, 20, 20, 20, 20, 20, 20, 20, 
20, 20, 20, 20, 20, 20, 20, 20, 20, 20, 20, 20, 20, 20, 20, 20, 20, 21, 21, 21, 
21, 21, 21, 21, 21, 21, 21, 21, 21, 21, 21, 21, 21, 21, 21, 21, 21, 21, 21, 21, 
21, 21, 21, 21, 21, 21, 21, 21, 21, 21, 21, 21, 21, 21, 21, 21, 21, 22, 22, 22, 
22, 22, 22, 22, 22, 22, 22, 22, 22, 22, 22, 22, 22, 22, 22, 22, 22, 22, 22, 22, 
22, 22, 22, 22, 22, 22, 22, 22, 22, 22, 22, 22, 22, 22, 22, 22, 22, 23, 23, 23, 
23, 23, 23, 23, 23, 23, 23, 23, 23, 23, 23, 23, 23, 23, 23, 23, 23, 23, 23, 23, 
23, 23, 23, 23, 23, 23, 23, 23, 23, 23, 23, 23, 23, 23, 23, 23, 23, 24, 24, 24, 
24, 24, 24, 24, 24, 24, 24, 24, 24, 24, 24, 24, 24, 24, 24, 24, 24, 24, 24, 24, 
24, 24, 24, 24, 24, 24, 24, 24, 24, 24, 24, 24, 24, 24, 24, 24, 24, 25, 25, 25, 
25, 25, 25, 25, 25, 25, 25, 25, 25, 25, 25, 25, 25, 25, 25, 25, 25, 25, 25, 25, 
25, 25, 25, 25, 25, 25, 25, 25, 25, 25, 25, 25, 25, 25, 25, 25, 25, 26, 26, 26, 
26, 26, 26, 26, 26, 26, 26, 26, 26, 26, 26, 26, 26, 26, 26, 26, 26, 26, 26, 26, 
26, 26, 26, 26, 26, 26, 26, 26, 26, 26, 26, 26, 26, 26, 26, 26, 26, 27, 27, 27, 
27, 27, 27, 27, 27, 27, 27, 27, 27, 27, 27, 27, 27, 27, 27, 27, 27, 27, 27, 27, 
27, 27, 27, 27, 27, 27, 27, 27, 27, 27, 27, 27, 27, 27, 27, 27, 27, 28, 28, 28, 
28, 28, 28, 28, 28, 28, 28, 28, 28, 28, 28, 28, 28, 28, 28, 28, 28, 28, 28, 28, 
28, 28, 28, 28, 28, 28, 28, 28, 28, 28, 28, 28, 28, 28, 28, 28, 28, 29, 29, 29, 
29, 29, 29, 29, 29, 29, 29, 29, 29, 29, 29, 29, 29, 29, 29, 29, 29, 29, 29, 29, 
29, 29, 29, 29, 29, 29, 29, 29, 29, 29, 29, 29, 29, 29, 29, 29, 29, 30, 30, 30, 
30, 30, 30, 30, 30, 30, 30, 30, 30, 30, 30, 30, 30, 30, 30, 30, 30, 30, 30, 30, 
30, 30, 30, 30, 30, 30, 30, 30, 30, 30, 30, 30, 30, 30, 30, 30, 30, 31, 31, 31, 
31, 31, 31, 31, 31, 31, 31, 31, 31, 31, 31, 31, 31, 31, 31, 31, 31, 31, 31, 31, 
31, 31, 31, 31, 31, 31, 31, 31, 31, 31, 31, 31, 31, 31, 31, 31, 31, 32, 32, 32, 
32, 32, 32, 32, 32, 32, 32, 32, 32, 32, 32, 32, 32, 32, 32, 32, 32, 32, 32, 32, 
32, 32, 32, 32, 32, 32, 32, 32, 32, 32, 32, 32, 32, 32, 32, 32, 32, 33, 33, 33, 
33, 33, 33, 33, 33, 33, 33, 33, 33, 33, 33, 33, 33, 33, 33, 33, 33, 33, 33, 33, 
33, 33, 33, 33, 33, 33, 33, 33, 33, 33, 33, 33, 33, 33, 33, 33, 33, 34, 34, 34, 
34, 34, 34, 34, 34, 34, 34, 34, 34, 34, 34, 34, 34, 34, 34, 34, 34, 34, 34, 34, 
34, 34, 34, 34, 34, 34, 34, 34, 34, 34, 34, 34, 34, 34, 34, 34, 34, 35, 35, 35, 
35, 35, 35, 35, 35, 35, 35, 35, 35, 35, 35, 35, 35, 35, 35, 35, 35, 35, 35, 35, 
35, 35, 35, 35, 35, 35, 35, 35, 35, 35, 35, 35, 35, 35, 35, 35, 35, 36, 36, 36, 
36, 36, 36, 36, 36, 36, 36, 36, 36, 36, 36, 36, 36, 36, 36, 36, 36, 36, 36, 36, 
36, 36, 36, 36, 36, 36, 36, 36, 36, 36, 36, 36, 36, 36, 36, 36, 36, 37, 37, 37, 
37, 37, 37, 37, 37, 37, 37, 37, 37, 37, 37, 37, 37, 37, 37, 37, 37, 37, 37, 37, 
37, 37, 37, 37, 37, 37, 37, 37, 37, 37, 37, 37, 37, 37, 37, 37, 37, 38, 38, 38, 
38, 38, 38, 38, 38, 38, 38, 38, 38, 38, 38, 38, 38, 38, 38, 38, 38, 38, 38, 38, 
38, 38, 38, 38, 38, 38, 38, 38, 38, 38, 38, 38, 38, 38, 38, 38, 38, 39, 39, 39, 
39, 39, 39, 39, 39, 39, 39, 39, 39, 39, 39, 39, 39, 39, 39, 39, 39, 39, 39, 39, 
39, 39, 39, 39, 39, 39, 39, 39, 39, 39, 39, 39, 39, 39, 39, 39, 39, 40, 40, 40, 
40, 40, 40, 40, 40, 40, 40, 40, 40, 40, 40, 40, 40, 40, 40, 40, 40, 40, 40, 40, 
40, 40, 40, 40, 40, 40, 40, 40, 40, 40, 40, 40, 40, 40, 40, 40, 40, 41, 41, 41, 
41, 41, 41, 41, 41, 41, 41, 41, 41, 41, 41, 41, 41, 41, 41, 41, 41, 41, 41, 41, 
41, 41, 41, 41, 41, 41, 41, 41, 41, 41, 41, 41, 41, 41, 41, 41, 41, 42, 42, 42, 
42, 42, 42, 42, 42, 42, 42, 42, 42, 42, 42, 42, 42, 42, 42, 42, 42, 42, 42, 42, 
42, 42, 42, 42, 42, 42, 42, 42, 42, 42, 42, 42, 42, 42, 42, 42, 42, 43, 43, 43, 
43, 43, 43, 43, 43, 43, 43, 43, 43, 43, 43, 43, 43, 43, 43, 43, 43, 43, 43, 43, 
43, 43, 43, 43, 43, 43, 43, 43, 43, 43, 43, 43, 43, 43, 43, 43, 43, 44, 44, 44, 
44, 44, 44, 44, 44, 44, 44, 44, 44, 44, 44, 44, 44, 44, 44, 44, 44, 44, 44, 44, 
44, 44, 44, 44, 44, 44, 44, 44, 44, 44, 44, 44, 44, 44, 44, 44, 44, 45, 45, 45, 
45, 45, 45, 45, 45, 45, 45, 45, 45, 45, 45, 45, 45, 45, 45, 45, 45, 45, 45, 45, 
45, 45, 45, 45, 45, 45, 45, 45, 45, 45, 45, 45, 45, 45, 45, 45, 45, 46, 46, 46, 
46, 46, 46, 46, 46, 46, 46, 46, 46, 46, 46, 46, 46, 46, 46, 46, 46, 46, 46, 46, 
46, 46, 46, 46, 46, 46, 46, 46, 46, 46, 46, 46, 46, 46, 46, 46, 46, 47, 47, 47, 
47, 47, 47, 47, 47, 47, 47, 47, 47, 47, 47, 47, 47, 47, 47, 47, 47, 47, 47, 47, 
47, 47, 47, 47, 47, 47, 47, 47, 47, 47, 47, 47, 47, 47, 47, 47, 47, 48, 48, 48, 
48, 48, 48, 48, 48, 48, 48, 48, 48, 48, 48, 48, 48, 48, 48, 48, 48, 48, 48, 48, 
48, 48, 48, 48, 48, 48, 48, 48, 48, 48, 48, 48, 48, 48, 48, 48, 48, 49, 49, 49, 
49, 49, 49, 49, 49, 49, 49, 49, 49, 49, 49, 49, 49, 49, 49, 49, 49, 49, 49, 49, 
49, 49, 49, 49, 49, 49, 49, 49, 49, 49, 49, 49, 49, 49, 49, 49, 49, 50, 50, 50, 
50, 50, 50, 50, 50, 50, 50, 50, 50, 50, 50, 50, 50, 50, 50, 50, 50, 50, 50, 50, 
50, 50, 50, 50, 50, 50, 50, 50, 50, 50, 50, 50, 50, 50, 50, 50, 50, 51, 51, 51, 
51, 51, 51, 51, 51, 51, 51, 51, 51, 51, 51, 51, 51, 51, 51, 51, 51, 51, 51, 51, 
51, 51, 51, 51, 51, 51, 51, 51, 51, 51, 51, 51, 51, 51, 51, 51, 51, 52, 52, 52, 
52, 52, 52, 52, 52, 52, 52, 52, 52, 52, 52, 52, 52, 52, 52, 52, 52, 52, 52, 52, 
52, 52, 52, 52, 52, 52, 52, 52, 52, 52, 52, 52, 52, 52, 52, 52, 52, 53, 53, 53, 
53, 53, 53, 53, 53, 53, 53, 53, 53, 53, 53, 53, 53, 53, 53, 53, 53, 53, 53, 53, 
53, 53, 53, 53, 53, 53, 53, 53, 53, 53, 53, 53, 53, 53, 53, 53, 53, 54, 54, 54, 
54, 54, 54, 54, 54, 54, 54, 54, 54, 54, 54, 54, 54, 54, 54, 54, 54, 54, 54, 54, 
54, 54, 54, 54, 54, 54, 54, 54, 54, 54, 54, 54, 54, 54, 54, 54, 54, 55, 55, 55, 
55, 55, 55, 55, 55, 55, 55, 55, 55, 55, 55, 55, 55, 55, 55, 55, 55, 55, 55, 55, 
55, 55, 55, 55, 55, 55, 55, 55, 55, 55, 55, 55, 55, 55, 55, 55, 55, 59, 59, 59, 
59, 59, 59, 59, 59, 59, 59, 59, 59, 59, 59, 59, 59, 59, 59, 59, 59, 59, 59, 59, 
59, 59, 59, 59, 59, 59, 59, 59, 59, 59, 59, 59, 59, 59, 59, 59, 59, 56, 56, 56, 
56, 56, 56, 56, 56, 56, 56, 56, 56, 56, 56, 56, 56, 56, 56, 56, 56, 56, 56, 56, 
56, 56, 56, 56, 56, 56, 56, 56, 56, 56, 56, 56, 56, 56, 56, 56, 56, 57, 57, 57, 
57, 57, 57, 57, 57, 57, 57, 57, 57, 57, 57, 57, 57, 57, 57, 57, 57, 57, 57, 57, 
57, 57, 57, 57, 57, 57, 57, 57, 57, 57, 57, 57, 57, 57, 57, 57, 57, 58, 58, 58, 
58, 58, 58, 58, 58, 58, 58, 58, 58, 58, 58, 58, 58, 58, 58, 58, 58, 58, 58, 58, 
58, 58, 58, 58, 58, 58, 58, 58, 58, 58, 58, 58, 58, 58, 58, 58, 58, 60, 60, 60, 
60, 60, 60, 60, 60, 60, 60, 60, 60, 60, 60, 60, 60, 60, 60, 60, 60, 60, 60, 60, 
60, 60, 60, 60, 60, 60, 60, 60, 60, 60, 60, 60, 60, 60, 60, 60, 60, 61, 61, 61, 
61, 61, 61, 61, 61, 61, 61, 61, 61, 61, 61, 61, 61, 61, 61, 61, 61, 61, 61, 61, 
61, 61, 61, 61, 61, 61, 61, 61, 61, 61, 61, 61, 61, 61, 61, 61, 61, 62, 62, 62, 
62, 62, 62, 62, 62, 62, 62, 62, 62, 62, 62, 62, 62, 62, 62, 62, 62, 62, 62, 62, 
62, 62, 62, 62, 62, 62, 62, 62, 62, 62, 62, 62, 62, 62, 62, 62, 62, 63, 63, 63, 
63, 63, 63, 63, 63, 63, 63, 63, 63, 63, 63, 63, 63, 63, 63, 63, 63, 63, 63, 63, 
63, 63, 63, 63, 63, 63, 63, 63, 63, 63, 63, 63, 63, 63, 63, 63, 63, 64, 64, 64, 
64, 64, 64, 64, 64, 64, 64, 64, 64, 64, 64, 64, 64, 64, 64, 64, 64, 64, 64, 64, 
64, 64, 64, 64, 64, 64, 64, 64, 64, 64, 64, 64, 64, 64, 64, 64, 64, 65, 65, 65, 
65, 65, 65, 65, 65, 65, 65, 65, 65, 65, 65, 65, 65, 65, 65, 65, 65, 65, 65, 65, 
65, 65, 65, 65, 65, 65, 65, 65, 65, 65, 65, 65, 65, 65, 65, 65, 65, 66, 66, 66, 
66, 66, 66, 66, 66, 66, 66, 66, 66, 66, 66, 66, 66, 66, 66, 66, 66, 66, 66, 66, 
66, 66, 66, 66, 66, 66, 66, 66, 66, 66, 66, 66, 66, 66, 66, 66, 66, 67, 67, 67, 
67, 67, 67, 67, 67, 67, 67, 67, 67, 67, 67, 67, 67, 67, 67, 67, 67, 67, 67, 67, 
67, 67, 67, 67, 67, 67, 67, 67, 67, 67, 67, 67, 67, 67, 67, 67, 67, 68, 68, 68, 
68, 68, 68, 68, 68, 68, 68, 68, 68, 68, 68, 68, 68, 68, 68, 68, 68, 68, 68, 68, 
68, 68, 68, 68, 68, 68, 68, 68, 68, 68, 68, 68, 68, 68, 68, 68, 68, 69, 69, 69, 
69, 69, 69, 69, 69, 69, 69, 69, 69, 69, 69, 69, 69, 69, 69, 69, 69, 69, 69, 69, 
69, 69, 69, 69, 69, 69, 69, 69, 69, 69, 69, 69, 69, 69, 69, 69, 69, 70, 70, 70, 
70, 70, 70, 70, 70, 70, 70, 70, 70, 70, 70, 70, 70, 70, 70, 70, 70, 70, 70, 70, 
70, 70, 70, 70, 70, 70, 70, 70, 70, 70, 70, 70, 70, 70, 70, 70, 70, 71, 71, 71, 
71, 71, 71, 71, 71, 71, 71, 71, 71, 71, 71, 71, 71, 71, 71, 71, 71, 71, 71, 71, 
71, 71, 71, 71, 71, 71, 71, 71, 71, 71, 71, 71, 71, 71, 71, 71, 71, 72, 72, 72, 
72, 72, 72, 72, 72, 72, 72, 72, 72, 72, 72, 72, 72, 72, 72, 72, 72, 72, 72, 72, 
72, 72, 72, 72, 72, 72, 72, 72, 72, 72, 72, 72, 72, 72, 72, 72, 72, 73, 73, 73, 
73, 73, 73, 73, 73, 73, 73, 73, 73, 73, 73, 73, 73, 73, 73, 73, 73, 73, 73, 73, 
73, 73, 73, 73, 73, 73, 73, 73, 73, 73, 73, 73, 73, 73, 73, 73, 73, 74, 74, 74, 
74, 74, 74, 74, 74, 74, 74, 74, 74, 74, 74, 74, 74, 74, 74, 74, 74, 74, 74, 74, 
74, 74, 74, 74, 74, 74, 74, 74, 74, 74, 74, 74, 74, 74, 74, 74, 74, 75, 75, 75, 
75, 75, 75, 75, 75, 75, 75, 75, 75, 75, 75, 75, 75, 75, 75, 75, 75, 75, 75, 75, 
75, 75, 75, 75, 75, 75, 75, 75, 75, 75, 75, 75, 75, 75, 75, 75, 75, 76, 76, 76, 
76, 76, 76, 76, 76, 76, 76, 76, 76, 76, 76, 76, 76, 76, 76, 76, 76, 76, 76, 76, 
76, 76, 76, 76, 76, 76, 76, 76, 76, 76, 76, 76, 76, 76, 76, 76, 76, 77, 77, 77, 
77, 77, 77, 77, 77, 77, 77, 77, 77, 77, 77, 77, 77, 77, 77, 77, 77, 77, 77, 77, 
77, 77, 77, 77, 77, 77, 77, 77, 77, 77, 77, 77, 77, 77, 77, 77, 77, 78, 78, 78, 
78, 78, 78, 78, 78, 78, 78, 78, 78, 78, 78, 78, 78, 78, 78, 78, 78, 78, 78, 78, 
78, 78, 78, 78, 78, 78, 78, 78, 78, 78, 78, 78, 78, 78, 78, 78, 78, 79, 79, 79, 
79, 79, 79, 79, 79, 79, 79, 79, 79, 79, 79, 79, 79, 79, 79, 79, 79, 79, 79, 79, 
79, 79, 79, 79, 79, 79, 79, 79, 79, 79, 79, 79, 79, 79, 79, 79, 79, 80, 80, 80, 
80, 80, 80, 80, 80, 80, 80, 80, 80, 80, 80, 80, 80, 80, 80, 80, 80, 80, 80, 80, 
80, 80, 80, 80, 80, 80, 80, 80, 80, 80, 80, 80, 80, 80, 80, 80, 80, 81, 81, 81, 
81, 81, 81, 81, 81, 81, 81, 81, 81, 81, 81, 81, 81, 81, 81, 81, 81, 81, 81, 81, 
81, 81, 81, 81, 81, 81, 81, 81, 81, 81, 81, 81, 81, 81, 81, 81, 81, 82, 82, 82, 
82, 82, 82, 82, 82, 82, 82, 82, 82, 82, 82, 82, 82, 82, 82, 82, 82, 82, 82, 82, 
82, 82, 82, 82, 82, 82, 82, 82, 82, 82, 82, 82, 82, 82, 82, 82, 82, 83, 83, 83, 
83, 83, 83, 83, 83, 83, 83, 83, 83, 83, 83, 83, 83, 83, 83, 83, 83, 83, 83, 83, 
83, 83, 83, 83, 83, 83, 83, 83, 83, 83, 83, 83, 83, 83, 83, 83, 83, 84, 84, 84, 
84, 84, 84, 84, 84, 84, 84, 84, 84, 84, 84, 84, 84, 84, 84, 84, 84, 84, 84, 84, 
84, 84, 84, 84, 84, 84, 84, 84, 84, 84, 84, 84, 84, 84, 84, 84, 84, 85, 85, 85, 
85, 85, 85, 85, 85, 85, 85, 85, 85, 85, 85, 85, 85, 85, 85, 85, 85, 85, 85, 85, 
85, 85, 85, 85, 85, 85, 85, 85, 85, 85, 85, 85, 85, 85, 85, 85, 85, 86, 86, 86, 
86, 86, 86, 86, 86, 86, 86, 86, 86, 86, 86, 86, 86, 86, 86, 86, 86, 86, 86, 86, 
86, 86, 86, 86, 86, 86, 86, 86, 86, 86, 86, 86, 86, 86, 86, 86, 86, 87, 87, 87, 
87, 87, 87, 87, 87, 87, 87, 87, 87, 87, 87, 87, 87, 87, 87, 87, 87, 87, 87, 87, 
87, 87, 87, 87, 87, 87, 87, 87, 87, 87, 87, 87, 87, 87, 87, 87, 87, 88, 88, 88, 
88, 88, 88, 88, 88, 88, 88, 88, 88, 88, 88, 88, 88, 88, 88, 88, 88, 88, 88, 88, 
88, 88, 88, 88, 88, 88, 88, 88, 88, 88, 88, 88, 88, 88, 88, 88, 88, 89, 89, 89, 
89, 89, 89, 89, 89, 89, 89, 89, 89, 89, 89, 89, 89, 89, 89, 89, 89, 89, 89, 89, 
89, 89, 89, 89, 89, 89, 89, 89, 89, 89, 89, 89, 89, 89, 89, 89, 89, 90, 90, 90, 
90, 90, 90, 90, 90, 90, 90, 90, 90, 90, 90, 90, 90, 90, 90, 90, 90, 90, 90, 90, 
90, 90, 90, 90, 90, 90, 90, 90, 90, 90, 90, 90, 90, 90, 90, 90, 90, 91, 91, 91, 
91, 91, 91, 91, 91, 91, 91, 91, 91, 91, 91, 91, 91, 91, 91, 91, 91, 91, 91, 91, 
91, 91, 91, 91, 91, 91, 91, 91, 91, 91, 91, 91, 91, 91, 91, 91, 91, 92, 92, 92, 
92, 92, 92, 92, 92, 92, 92, 92, 92, 92, 92, 92, 92, 92, 92, 92, 92, 92, 92, 92, 
92, 92, 92, 92, 92, 92, 92, 92, 92, 92, 92, 92, 92, 92, 92, 92, 92, 93, 93, 93, 
93, 93, 93, 93, 93, 93, 93, 93, 93, 93, 93, 93, 93, 93, 93, 93, 93, 93, 93, 93, 
93, 93, 93, 93, 93, 93, 93, 93, 93, 93, 93, 93, 93, 93, 93, 93, 93, 94, 94, 94, 
94, 94, 94, 94, 94, 94, 94, 94, 94, 94, 94, 94, 94, 94, 94, 94, 94, 94, 94, 94, 
94, 94, 94, 94, 94, 94, 94, 94, 94, 94, 94, 94, 94, 94, 94, 94, 94, 95, 95, 95, 
95, 95, 95, 95, 95, 95, 95, 95, 95, 95, 95, 95, 95, 95, 95, 95, 95, 95, 95, 95, 
95, 95, 95, 95, 95, 95, 95, 95, 95, 95, 95, 95, 95, 95, 95, 95, 95, 96, 96, 96, 
96, 96, 96, 96, 96, 96, 96, 96, 96, 96, 96, 96, 96, 96, 96, 96, 96, 96, 96, 96, 
96, 96, 96, 96, 96, 96, 96, 96, 96, 96, 96, 96, 96, 96, 96, 96, 96, 97, 97, 97, 
97, 97, 97, 97, 97, 97, 97, 97, 97, 97, 97, 97, 97, 97, 97, 97, 97, 97, 97, 97, 
97, 97, 97, 97, 97, 97, 97, 97, 97, 97, 97, 97, 97, 97, 97, 97, 97, 98, 98, 98, 
98, 98, 98, 98, 98, 98, 98, 98, 98, 98, 98, 98, 98, 98, 98, 98, 98, 98, 98, 98, 
98, 98, 98, 98, 98, 98, 98, 98, 98, 98, 98, 98, 98, 98, 98, 98, 98, 99, 99, 99, 
99, 99, 99, 99, 99, 99, 99, 99, 99, 99, 99, 99, 99, 99, 99, 99, 99, 99, 99, 99, 
99, 99, 99, 99, 99, 99, 99, 99, 99, 99, 99, 99, 99, 99, 99, 99, 99, 100, 100, 
100, 100, 100, 100, 100, 100, 100, 100, 100, 100, 100, 100, 100, 100, 100, 100, 
100, 100, 100, 100, 100, 100, 100, 100, 100, 100, 100, 100, 100, 100, 100, 100, 
100, 100, 100, 100, 100, 100
),
race=c(1, 1, 1, 1, 1, 1, 1, 1, 1, 1, 1, 1, 1, 1, 1, 1, 1, 1, 1, 1, 2, 2, 2, 2, 2, 2, 
2, 2, 2, 2, 2, 2, 2, 2, 2, 2, 2, 2, 2, 2, 1, 1, 1, 1, 1, 1, 1, 1, 1, 1, 1, 1, 
1, 1, 1, 1, 1, 1, 1, 1, 2, 2, 2, 2, 2, 2, 2, 2, 2, 2, 2, 2, 2, 2, 2, 2, 2, 2, 
2, 2, 1, 1, 1, 1, 1, 1, 1, 1, 1, 1, 1, 1, 1, 1, 1, 1, 1, 1, 1, 1, 2, 2, 2, 2, 
2, 2, 2, 2, 2, 2, 2, 2, 2, 2, 2, 2, 2, 2, 2, 2, 1, 1, 1, 1, 1, 1, 1, 1, 1, 1, 
1, 1, 1, 1, 1, 1, 1, 1, 1, 1, 2, 2, 2, 2, 2, 2, 2, 2, 2, 2, 2, 2, 2, 2, 2, 2, 
2, 2, 2, 2, 1, 1, 1, 1, 1, 1, 1, 1, 1, 1, 1, 1, 1, 1, 1, 1, 1, 1, 1, 1, 2, 2, 
2, 2, 2, 2, 2, 2, 2, 2, 2, 2, 2, 2, 2, 2, 2, 2, 2, 2, 1, 1, 1, 1, 1, 1, 1, 1, 
1, 1, 1, 1, 1, 1, 1, 1, 1, 1, 1, 1, 2, 2, 2, 2, 2, 2, 2, 2, 2, 2, 2, 2, 2, 2, 
2, 2, 2, 2, 2, 2, 1, 1, 1, 1, 1, 1, 1, 1, 1, 1, 1, 1, 1, 1, 1, 1, 1, 1, 1, 1, 
2, 2, 2, 2, 2, 2, 2, 2, 2, 2, 2, 2, 2, 2, 2, 2, 2, 2, 2, 2, 1, 1, 1, 1, 1, 1, 
1, 1, 1, 1, 1, 1, 1, 1, 1, 1, 1, 1, 1, 1, 2, 2, 2, 2, 2, 2, 2, 2, 2, 2, 2, 2, 
2, 2, 2, 2, 2, 2, 2, 2, 1, 1, 1, 1, 1, 1, 1, 1, 1, 1, 1, 1, 1, 1, 1, 1, 1, 1, 
1, 1, 2, 2, 2, 2, 2, 2, 2, 2, 2, 2, 2, 2, 2, 2, 2, 2, 2, 2, 2, 2, 1, 1, 1, 1, 
1, 1, 1, 1, 1, 1, 1, 1, 1, 1, 1, 1, 1, 1, 1, 1, 2, 2, 2, 2, 2, 2, 2, 2, 2, 2, 
2, 2, 2, 2, 2, 2, 2, 2, 2, 2, 1, 1, 1, 1, 1, 1, 1, 1, 1, 1, 1, 1, 1, 1, 1, 1, 
1, 1, 1, 1, 2, 2, 2, 2, 2, 2, 2, 2, 2, 2, 2, 2, 2, 2, 2, 2, 2, 2, 2, 2, 1, 1, 
1, 1, 1, 1, 1, 1, 1, 1, 1, 1, 1, 1, 1, 1, 1, 1, 1, 1, 2, 2, 2, 2, 2, 2, 2, 2, 
2, 2, 2, 2, 2, 2, 2, 2, 2, 2, 2, 2, 1, 1, 1, 1, 1, 1, 1, 1, 1, 1, 1, 1, 1, 1, 
1, 1, 1, 1, 1, 1, 2, 2, 2, 2, 2, 2, 2, 2, 2, 2, 2, 2, 2, 2, 2, 2, 2, 2, 2, 2, 
1, 1, 1, 1, 1, 1, 1, 1, 1, 1, 1, 1, 1, 1, 1, 1, 1, 1, 1, 1, 2, 2, 2, 2, 2, 2, 
2, 2, 2, 2, 2, 2, 2, 2, 2, 2, 2, 2, 2, 2, 1, 1, 1, 1, 1, 1, 1, 1, 1, 1, 1, 1, 
1, 1, 1, 1, 1, 1, 1, 1, 2, 2, 2, 2, 2, 2, 2, 2, 2, 2, 2, 2, 2, 2, 2, 2, 2, 2, 
2, 2, 1, 1, 1, 1, 1, 1, 1, 1, 1, 1, 1, 1, 1, 1, 1, 1, 1, 1, 1, 1, 2, 2, 2, 2, 
2, 2, 2, 2, 2, 2, 2, 2, 2, 2, 2, 2, 2, 2, 2, 2, 1, 1, 1, 1, 1, 1, 1, 1, 1, 1, 
1, 1, 1, 1, 1, 1, 1, 1, 1, 1, 2, 2, 2, 2, 2, 2, 2, 2, 2, 2, 2, 2, 2, 2, 2, 2, 
2, 2, 2, 2, 1, 1, 1, 1, 1, 1, 1, 1, 1, 1, 1, 1, 1, 1, 1, 1, 1, 1, 1, 1, 2, 2, 
2, 2, 2, 2, 2, 2, 2, 2, 2, 2, 2, 2, 2, 2, 2, 2, 2, 2, 1, 1, 1, 1, 1, 1, 1, 1, 
1, 1, 1, 1, 1, 1, 1, 1, 1, 1, 1, 1, 2, 2, 2, 2, 2, 2, 2, 2, 2, 2, 2, 2, 2, 2, 
2, 2, 2, 2, 2, 2, 1, 1, 1, 1, 1, 1, 1, 1, 1, 1, 1, 1, 1, 1, 1, 1, 1, 1, 1, 1, 
2, 2, 2, 2, 2, 2, 2, 2, 2, 2, 2, 2, 2, 2, 2, 2, 2, 2, 2, 2, 1, 1, 1, 1, 1, 1, 
1, 1, 1, 1, 1, 1, 1, 1, 1, 1, 1, 1, 1, 1, 2, 2, 2, 2, 2, 2, 2, 2, 2, 2, 2, 2, 
2, 2, 2, 2, 2, 2, 2, 2, 1, 1, 1, 1, 1, 1, 1, 1, 1, 1, 1, 1, 1, 1, 1, 1, 1, 1, 
1, 1, 2, 2, 2, 2, 2, 2, 2, 2, 2, 2, 2, 2, 2, 2, 2, 2, 2, 2, 2, 2, 1, 1, 1, 1, 
1, 1, 1, 1, 1, 1, 1, 1, 1, 1, 1, 1, 1, 1, 1, 1, 2, 2, 2, 2, 2, 2, 2, 2, 2, 2, 
2, 2, 2, 2, 2, 2, 2, 2, 2, 2, 1, 1, 1, 1, 1, 1, 1, 1, 1, 1, 1, 1, 1, 1, 1, 1, 
1, 1, 1, 1, 2, 2, 2, 2, 2, 2, 2, 2, 2, 2, 2, 2, 2, 2, 2, 2, 2, 2, 2, 2, 1, 1, 
1, 1, 1, 1, 1, 1, 1, 1, 1, 1, 1, 1, 1, 1, 1, 1, 1, 1, 2, 2, 2, 2, 2, 2, 2, 2, 
2, 2, 2, 2, 2, 2, 2, 2, 2, 2, 2, 2, 1, 1, 1, 1, 1, 1, 1, 1, 1, 1, 1, 1, 1, 1, 
1, 1, 1, 1, 1, 1, 2, 2, 2, 2, 2, 2, 2, 2, 2, 2, 2, 2, 2, 2, 2, 2, 2, 2, 2, 2, 
1, 1, 1, 1, 1, 1, 1, 1, 1, 1, 1, 1, 1, 1, 1, 1, 1, 1, 1, 1, 2, 2, 2, 2, 2, 2, 
2, 2, 2, 2, 2, 2, 2, 2, 2, 2, 2, 2, 2, 2, 1, 1, 1, 1, 1, 1, 1, 1, 1, 1, 1, 1, 
1, 1, 1, 1, 1, 1, 1, 1, 2, 2, 2, 2, 2, 2, 2, 2, 2, 2, 2, 2, 2, 2, 2, 2, 2, 2, 
2, 2, 1, 1, 1, 1, 1, 1, 1, 1, 1, 1, 1, 1, 1, 1, 1, 1, 1, 1, 1, 1, 2, 2, 2, 2, 
2, 2, 2, 2, 2, 2, 2, 2, 2, 2, 2, 2, 2, 2, 2, 2, 1, 1, 1, 1, 1, 1, 1, 1, 1, 1, 
1, 1, 1, 1, 1, 1, 1, 1, 1, 1, 2, 2, 2, 2, 2, 2, 2, 2, 2, 2, 2, 2, 2, 2, 2, 2, 
2, 2, 2, 2, 1, 1, 1, 1, 1, 1, 1, 1, 1, 1, 1, 1, 1, 1, 1, 1, 1, 1, 1, 1, 2, 2, 
2, 2, 2, 2, 2, 2, 2, 2, 2, 2, 2, 2, 2, 2, 2, 2, 2, 2, 1, 1, 1, 1, 1, 1, 1, 1, 
1, 1, 1, 1, 1, 1, 1, 1, 1, 1, 1, 1, 2, 2, 2, 2, 2, 2, 2, 2, 2, 2, 2, 2, 2, 2, 
2, 2, 2, 2, 2, 2, 1, 1, 1, 1, 1, 1, 1, 1, 1, 1, 1, 1, 1, 1, 1, 1, 1, 1, 1, 1, 
2, 2, 2, 2, 2, 2, 2, 2, 2, 2, 2, 2, 2, 2, 2, 2, 2, 2, 2, 2, 1, 1, 1, 1, 1, 1, 
1, 1, 1, 1, 1, 1, 1, 1, 1, 1, 1, 1, 1, 1, 2, 2, 2, 2, 2, 2, 2, 2, 2, 2, 2, 2, 
2, 2, 2, 2, 2, 2, 2, 2, 1, 1, 1, 1, 1, 1, 1, 1, 1, 1, 1, 1, 1, 1, 1, 1, 1, 1, 
1, 1, 2, 2, 2, 2, 2, 2, 2, 2, 2, 2, 2, 2, 2, 2, 2, 2, 2, 2, 2, 2, 1, 1, 1, 1, 
1, 1, 1, 1, 1, 1, 1, 1, 1, 1, 1, 1, 1, 1, 1, 1, 2, 2, 2, 2, 2, 2, 2, 2, 2, 2, 
2, 2, 2, 2, 2, 2, 2, 2, 2, 2, 1, 1, 1, 1, 1, 1, 1, 1, 1, 1, 1, 1, 1, 1, 1, 1, 
1, 1, 1, 1, 2, 2, 2, 2, 2, 2, 2, 2, 2, 2, 2, 2, 2, 2, 2, 2, 2, 2, 2, 2, 1, 1, 
1, 1, 1, 1, 1, 1, 1, 1, 1, 1, 1, 1, 1, 1, 1, 1, 1, 1, 2, 2, 2, 2, 2, 2, 2, 2, 
2, 2, 2, 2, 2, 2, 2, 2, 2, 2, 2, 2, 1, 1, 1, 1, 1, 1, 1, 1, 1, 1, 1, 1, 1, 1, 
1, 1, 1, 1, 1, 1, 2, 2, 2, 2, 2, 2, 2, 2, 2, 2, 2, 2, 2, 2, 2, 2, 2, 2, 2, 2, 
1, 1, 1, 1, 1, 1, 1, 1, 1, 1, 1, 1, 1, 1, 1, 1, 1, 1, 1, 1, 2, 2, 2, 2, 2, 2, 
2, 2, 2, 2, 2, 2, 2, 2, 2, 2, 2, 2, 2, 2, 1, 1, 1, 1, 1, 1, 1, 1, 1, 1, 1, 1, 
1, 1, 1, 1, 1, 1, 1, 1, 2, 2, 2, 2, 2, 2, 2, 2, 2, 2, 2, 2, 2, 2, 2, 2, 2, 2, 
2, 2, 1, 1, 1, 1, 1, 1, 1, 1, 1, 1, 1, 1, 1, 1, 1, 1, 1, 1, 1, 1, 2, 2, 2, 2, 
2, 2, 2, 2, 2, 2, 2, 2, 2, 2, 2, 2, 2, 2, 2, 2, 1, 1, 1, 1, 1, 1, 1, 1, 1, 1, 
1, 1, 1, 1, 1, 1, 1, 1, 1, 1, 2, 2, 2, 2, 2, 2, 2, 2, 2, 2, 2, 2, 2, 2, 2, 2, 
2, 2, 2, 2, 1, 1, 1, 1, 1, 1, 1, 1, 1, 1, 1, 1, 1, 1, 1, 1, 1, 1, 1, 1, 2, 2, 
2, 2, 2, 2, 2, 2, 2, 2, 2, 2, 2, 2, 2, 2, 2, 2, 2, 2, 1, 1, 1, 1, 1, 1, 1, 1, 
1, 1, 1, 1, 1, 1, 1, 1, 1, 1, 1, 1, 2, 2, 2, 2, 2, 2, 2, 2, 2, 2, 2, 2, 2, 2, 
2, 2, 2, 2, 2, 2, 1, 1, 1, 1, 1, 1, 1, 1, 1, 1, 1, 1, 1, 1, 1, 1, 1, 1, 1, 1, 
2, 2, 2, 2, 2, 2, 2, 2, 2, 2, 2, 2, 2, 2, 2, 2, 2, 2, 2, 2, 1, 1, 1, 1, 1, 1, 
1, 1, 1, 1, 1, 1, 1, 1, 1, 1, 1, 1, 1, 1, 2, 2, 2, 2, 2, 2, 2, 2, 2, 2, 2, 2, 
2, 2, 2, 2, 2, 2, 2, 2, 1, 1, 1, 1, 1, 1, 1, 1, 1, 1, 1, 1, 1, 1, 1, 1, 1, 1, 
1, 1, 2, 2, 2, 2, 2, 2, 2, 2, 2, 2, 2, 2, 2, 2, 2, 2, 2, 2, 2, 2, 1, 1, 1, 1, 
1, 1, 1, 1, 1, 1, 1, 1, 1, 1, 1, 1, 1, 1, 1, 1, 2, 2, 2, 2, 2, 2, 2, 2, 2, 2, 
2, 2, 2, 2, 2, 2, 2, 2, 2, 2, 1, 1, 1, 1, 1, 1, 1, 1, 1, 1, 1, 1, 1, 1, 1, 1, 
1, 1, 1, 1, 2, 2, 2, 2, 2, 2, 2, 2, 2, 2, 2, 2, 2, 2, 2, 2, 2, 2, 2, 2, 1, 1, 
1, 1, 1, 1, 1, 1, 1, 1, 1, 1, 1, 1, 1, 1, 1, 1, 1, 1, 2, 2, 2, 2, 2, 2, 2, 2, 
2, 2, 2, 2, 2, 2, 2, 2, 2, 2, 2, 2, 1, 1, 1, 1, 1, 1, 1, 1, 1, 1, 1, 1, 1, 1, 
1, 1, 1, 1, 1, 1, 2, 2, 2, 2, 2, 2, 2, 2, 2, 2, 2, 2, 2, 2, 2, 2, 2, 2, 2, 2, 
1, 1, 1, 1, 1, 1, 1, 1, 1, 1, 1, 1, 1, 1, 1, 1, 1, 1, 1, 1, 2, 2, 2, 2, 2, 2, 
2, 2, 2, 2, 2, 2, 2, 2, 2, 2, 2, 2, 2, 2, 1, 1, 1, 1, 1, 1, 1, 1, 1, 1, 1, 1, 
1, 1, 1, 1, 1, 1, 1, 1, 2, 2, 2, 2, 2, 2, 2, 2, 2, 2, 2, 2, 2, 2, 2, 2, 2, 2, 
2, 2, 1, 1, 1, 1, 1, 1, 1, 1, 1, 1, 1, 1, 1, 1, 1, 1, 1, 1, 1, 1, 2, 2, 2, 2, 
2, 2, 2, 2, 2, 2, 2, 2, 2, 2, 2, 2, 2, 2, 2, 2, 1, 1, 1, 1, 1, 1, 1, 1, 1, 1, 
1, 1, 1, 1, 1, 1, 1, 1, 1, 1, 2, 2, 2, 2, 2, 2, 2, 2, 2, 2, 2, 2, 2, 2, 2, 2, 
2, 2, 2, 2, 1, 1, 1, 1, 1, 1, 1, 1, 1, 1, 1, 1, 1, 1, 1, 1, 1, 1, 1, 1, 2, 2, 
2, 2, 2, 2, 2, 2, 2, 2, 2, 2, 2, 2, 2, 2, 2, 2, 2, 2, 1, 1, 1, 1, 1, 1, 1, 1, 
1, 1, 1, 1, 1, 1, 1, 1, 1, 1, 1, 1, 2, 2, 2, 2, 2, 2, 2, 2, 2, 2, 2, 2, 2, 2, 
2, 2, 2, 2, 2, 2, 1, 1, 1, 1, 1, 1, 1, 1, 1, 1, 1, 1, 1, 1, 1, 1, 1, 1, 1, 1, 
2, 2, 2, 2, 2, 2, 2, 2, 2, 2, 2, 2, 2, 2, 2, 2, 2, 2, 2, 2, 1, 1, 1, 1, 1, 1, 
1, 1, 1, 1, 1, 1, 1, 1, 1, 1, 1, 1, 1, 1, 2, 2, 2, 2, 2, 2, 2, 2, 2, 2, 2, 2, 
2, 2, 2, 2, 2, 2, 2, 2, 1, 1, 1, 1, 1, 1, 1, 1, 1, 1, 1, 1, 1, 1, 1, 1, 1, 1, 
1, 1, 2, 2, 2, 2, 2, 2, 2, 2, 2, 2, 2, 2, 2, 2, 2, 2, 2, 2, 2, 2, 1, 1, 1, 1, 
1, 1, 1, 1, 1, 1, 1, 1, 1, 1, 1, 1, 1, 1, 1, 1, 2, 2, 2, 2, 2, 2, 2, 2, 2, 2, 
2, 2, 2, 2, 2, 2, 2, 2, 2, 2, 1, 1, 1, 1, 1, 1, 1, 1, 1, 1, 1, 1, 1, 1, 1, 1, 
1, 1, 1, 1, 2, 2, 2, 2, 2, 2, 2, 2, 2, 2, 2, 2, 2, 2, 2, 2, 2, 2, 2, 2, 1, 1, 
1, 1, 1, 1, 1, 1, 1, 1, 1, 1, 1, 1, 1, 1, 1, 1, 1, 1, 2, 2, 2, 2, 2, 2, 2, 2, 
2, 2, 2, 2, 2, 2, 2, 2, 2, 2, 2, 2, 1, 1, 1, 1, 1, 1, 1, 1, 1, 1, 1, 1, 1, 1, 
1, 1, 1, 1, 1, 1, 2, 2, 2, 2, 2, 2, 2, 2, 2, 2, 2, 2, 2, 2, 2, 2, 2, 2, 2, 2, 
1, 1, 1, 1, 1, 1, 1, 1, 1, 1, 1, 1, 1, 1, 1, 1, 1, 1, 1, 1, 2, 2, 2, 2, 2, 2, 
2, 2, 2, 2, 2, 2, 2, 2, 2, 2, 2, 2, 2, 2, 1, 1, 1, 1, 1, 1, 1, 1, 1, 1, 1, 1, 
1, 1, 1, 1, 1, 1, 1, 1, 2, 2, 2, 2, 2, 2, 2, 2, 2, 2, 2, 2, 2, 2, 2, 2, 2, 2, 
2, 2, 1, 1, 1, 1, 1, 1, 1, 1, 1, 1, 1, 1, 1, 1, 1, 1, 1, 1, 1, 1, 2, 2, 2, 2, 
2, 2, 2, 2, 2, 2, 2, 2, 2, 2, 2, 2, 2, 2, 2, 2, 1, 1, 1, 1, 1, 1, 1, 1, 1, 1, 
1, 1, 1, 1, 1, 1, 1, 1, 1, 1, 2, 2, 2, 2, 2, 2, 2, 2, 2, 2, 2, 2, 2, 2, 2, 2, 
2, 2, 2, 2, 1, 1, 1, 1, 1, 1, 1, 1, 1, 1, 1, 1, 1, 1, 1, 1, 1, 1, 1, 1, 2, 2, 
2, 2, 2, 2, 2, 2, 2, 2, 2, 2, 2, 2, 2, 2, 2, 2, 2, 2, 1, 1, 1, 1, 1, 1, 1, 1, 
1, 1, 1, 1, 1, 1, 1, 1, 1, 1, 1, 1, 2, 2, 2, 2, 2, 2, 2, 2, 2, 2, 2, 2, 2, 2, 
2, 2, 2, 2, 2, 2, 1, 1, 1, 1, 1, 1, 1, 1, 1, 1, 1, 1, 1, 1, 1, 1, 1, 1, 1, 1, 
2, 2, 2, 2, 2, 2, 2, 2, 2, 2, 2, 2, 2, 2, 2, 2, 2, 2, 2, 2, 1, 1, 1, 1, 1, 1, 
1, 1, 1, 1, 1, 1, 1, 1, 1, 1, 1, 1, 1, 1, 2, 2, 2, 2, 2, 2, 2, 2, 2, 2, 2, 2, 
2, 2, 2, 2, 2, 2, 2, 2, 1, 1, 1, 1, 1, 1, 1, 1, 1, 1, 1, 1, 1, 1, 1, 1, 1, 1, 
1, 1, 2, 2, 2, 2, 2, 2, 2, 2, 2, 2, 2, 2, 2, 2, 2, 2, 2, 2, 2, 2, 1, 1, 1, 1, 
1, 1, 1, 1, 1, 1, 1, 1, 1, 1, 1, 1, 1, 1, 1, 1, 2, 2, 2, 2, 2, 2, 2, 2, 2, 2, 
2, 2, 2, 2, 2, 2, 2, 2, 2, 2, 1, 1, 1, 1, 1, 1, 1, 1, 1, 1, 1, 1, 1, 1, 1, 1, 
1, 1, 1, 1, 2, 2, 2, 2, 2, 2, 2, 2, 2, 2, 2, 2, 2, 2, 2, 2, 2, 2, 2, 2, 1, 1, 
1, 1, 1, 1, 1, 1, 1, 1, 1, 1, 1, 1, 1, 1, 1, 1, 1, 1, 2, 2, 2, 2, 2, 2, 2, 2, 
2, 2, 2, 2, 2, 2, 2, 2, 2, 2, 2, 2, 1, 1, 1, 1, 1, 1, 1, 1, 1, 1, 1, 1, 1, 1, 
1, 1, 1, 1, 1, 1, 2, 2, 2, 2, 2, 2, 2, 2, 2, 2, 2, 2, 2, 2, 2, 2, 2, 2, 2, 2, 
1, 1, 1, 1, 1, 1, 1, 1, 1, 1, 1, 1, 1, 1, 1, 1, 1, 1, 1, 1, 2, 2, 2, 2, 2, 2, 
2, 2, 2, 2, 2, 2, 2, 2, 2, 2, 2, 2, 2, 2, 1, 1, 1, 1, 1, 1, 1, 1, 1, 1, 1, 1, 
1, 1, 1, 1, 1, 1, 1, 1, 2, 2, 2, 2, 2, 2, 2, 2, 2, 2, 2, 2, 2, 2, 2, 2, 2, 2, 
2, 2, 1, 1, 1, 1, 1, 1, 1, 1, 1, 1, 1, 1, 1, 1, 1, 1, 1, 1, 1, 1, 2, 2, 2, 2, 
2, 2, 2, 2, 2, 2, 2, 2, 2, 2, 2, 2, 2, 2, 2, 2, 1, 1, 1, 1, 1, 1, 1, 1, 1, 1, 
1, 1, 1, 1, 1, 1, 1, 1, 1, 1, 2, 2, 2, 2, 2, 2, 2, 2, 2, 2, 2, 2, 2, 2, 2, 2, 
2, 2, 2, 2, 1, 1, 1, 1, 1, 1, 1, 1, 1, 1, 1, 1, 1, 1, 1, 1, 1, 1, 1, 1, 2, 2, 
2, 2, 2, 2, 2, 2, 2, 2, 2, 2, 2, 2, 2, 2, 2, 2, 2, 2, 1, 1, 1, 1, 1, 1, 1, 1, 
1, 1, 1, 1, 1, 1, 1, 1, 1, 1, 1, 1, 2, 2, 2, 2, 2, 2, 2, 2, 2, 2, 2, 2, 2, 2, 
2, 2, 2, 2, 2, 2, 1, 1, 1, 1, 1, 1, 1, 1, 1, 1, 1, 1, 1, 1, 1, 1, 1, 1, 1, 1, 
2, 2, 2, 2, 2, 2, 2, 2, 2, 2, 2, 2, 2, 2, 2, 2, 2, 2, 2, 2, 1, 1, 1, 1, 1, 1, 
1, 1, 1, 1, 1, 1, 1, 1, 1, 1, 1, 1, 1, 1, 2, 2, 2, 2, 2, 2, 2, 2, 2, 2, 2, 2, 
2, 2, 2, 2, 2, 2, 2, 2, 1, 1, 1, 1, 1, 1, 1, 1, 1, 1, 1, 1, 1, 1, 1, 1, 1, 1, 
1, 1, 2, 2, 2, 2, 2, 2, 2, 2, 2, 2, 2, 2, 2, 2, 2, 2, 2, 2, 2, 2, 1, 1, 1, 1, 
1, 1, 1, 1, 1, 1, 1, 1, 1, 1, 1, 1, 1, 1, 1, 1, 2, 2, 2, 2, 2, 2, 2, 2, 2, 2, 
2, 2, 2, 2, 2, 2, 2, 2, 2, 2, 1, 1, 1, 1, 1, 1, 1, 1, 1, 1, 1, 1, 1, 1, 1, 1, 
1, 1, 1, 1, 2, 2, 2, 2, 2, 2, 2, 2, 2, 2, 2, 2, 2, 2, 2, 2, 2, 2, 2, 2, 1, 1, 
1, 1, 1, 1, 1, 1, 1, 1, 1, 1, 1, 1, 1, 1, 1, 1, 1, 1, 2, 2, 2, 2, 2, 2, 2, 2, 
2, 2, 2, 2, 2, 2, 2, 2, 2, 2, 2, 2, 1, 1, 1, 1, 1, 1, 1, 1, 1, 1, 1, 1, 1, 1, 
1, 1, 1, 1, 1, 1, 2, 2, 2, 2, 2, 2, 2, 2, 2, 2, 2, 2, 2, 2, 2, 2, 2, 2, 2, 2, 
1, 1, 1, 1, 1, 1, 1, 1, 1, 1, 1, 1, 1, 1, 1, 1, 1, 1, 1, 1, 2, 2, 2, 2, 2, 2, 
2, 2, 2, 2, 2, 2, 2, 2, 2, 2, 2, 2, 2, 2, 1, 1, 1, 1, 1, 1, 1, 1, 1, 1, 1, 1, 
1, 1, 1, 1, 1, 1, 1, 1, 2, 2, 2, 2, 2, 2, 2, 2, 2, 2, 2, 2, 2, 2, 2, 2, 2, 2, 
2, 2, 1, 1, 1, 1, 1, 1, 1, 1, 1, 1, 1, 1, 1, 1, 1, 1, 1, 1, 1, 1, 2, 2, 2, 2, 
2, 2, 2, 2, 2, 2, 2, 2, 2, 2, 2, 2, 2, 2, 2, 2, 1, 1, 1, 1, 1, 1, 1, 1, 1, 1, 
1, 1, 1, 1, 1, 1, 1, 1, 1, 1, 2, 2, 2, 2, 2, 2, 2, 2, 2, 2, 2, 2, 2, 2, 2, 2, 
2, 2, 2, 2, 1, 1, 1, 1, 1, 1, 1, 1, 1, 1, 1, 1, 1, 1, 1, 1, 1, 1, 1, 1, 2, 2, 
2, 2, 2, 2, 2, 2, 2, 2, 2, 2, 2, 2, 2, 2, 2, 2, 2, 2, 1, 1, 1, 1, 1, 1, 1, 1, 
1, 1, 1, 1, 1, 1, 1, 1, 1, 1, 1, 1, 2, 2, 2, 2, 2, 2, 2, 2, 2, 2, 2, 2, 2, 2, 
2, 2, 2, 2, 2, 2, 1, 1, 1, 1, 1, 1, 1, 1, 1, 1, 1, 1, 1, 1, 1, 1, 1, 1, 1, 1, 
2, 2, 2, 2, 2, 2, 2, 2, 2, 2, 2, 2, 2, 2, 2, 2, 2, 2, 2, 2, 1, 1, 1, 1, 1, 1, 
1, 1, 1, 1, 1, 1, 1, 1, 1, 1, 1, 1, 1, 1, 2, 2, 2, 2, 2, 2, 2, 2, 2, 2, 2, 2, 
2, 2, 2, 2, 2, 2, 2, 2, 1, 1, 1, 1, 1, 1, 1, 1, 1, 1, 1, 1, 1, 1, 1, 1, 1, 1, 
1, 1, 2, 2, 2, 2, 2, 2, 2, 2, 2, 2, 2, 2, 2, 2, 2, 2, 2, 2, 2, 2
),
sex=c(1, 1, 1, 1, 1, 1, 1, 1, 1, 1, 2, 2, 2, 2, 2, 2, 2, 2, 2, 2, 1, 1, 1, 1, 1, 1, 
1, 1, 1, 1, 2, 2, 2, 2, 2, 2, 2, 2, 2, 2, 1, 1, 1, 1, 1, 1, 1, 1, 1, 1, 2, 2, 
2, 2, 2, 2, 2, 2, 2, 2, 1, 1, 1, 1, 1, 1, 1, 1, 1, 1, 2, 2, 2, 2, 2, 2, 2, 2, 
2, 2, 1, 1, 1, 1, 1, 1, 1, 1, 1, 1, 2, 2, 2, 2, 2, 2, 2, 2, 2, 2, 1, 1, 1, 1, 
1, 1, 1, 1, 1, 1, 2, 2, 2, 2, 2, 2, 2, 2, 2, 2, 1, 1, 1, 1, 1, 1, 1, 1, 1, 1, 
2, 2, 2, 2, 2, 2, 2, 2, 2, 2, 1, 1, 1, 1, 1, 1, 1, 1, 1, 1, 2, 2, 2, 2, 2, 2, 
2, 2, 2, 2, 1, 1, 1, 1, 1, 1, 1, 1, 1, 1, 2, 2, 2, 2, 2, 2, 2, 2, 2, 2, 1, 1, 
1, 1, 1, 1, 1, 1, 1, 1, 2, 2, 2, 2, 2, 2, 2, 2, 2, 2, 1, 1, 1, 1, 1, 1, 1, 1, 
1, 1, 2, 2, 2, 2, 2, 2, 2, 2, 2, 2, 1, 1, 1, 1, 1, 1, 1, 1, 1, 1, 2, 2, 2, 2, 
2, 2, 2, 2, 2, 2, 1, 1, 1, 1, 1, 1, 1, 1, 1, 1, 2, 2, 2, 2, 2, 2, 2, 2, 2, 2, 
1, 1, 1, 1, 1, 1, 1, 1, 1, 1, 2, 2, 2, 2, 2, 2, 2, 2, 2, 2, 1, 1, 1, 1, 1, 1, 
1, 1, 1, 1, 2, 2, 2, 2, 2, 2, 2, 2, 2, 2, 1, 1, 1, 1, 1, 1, 1, 1, 1, 1, 2, 2, 
2, 2, 2, 2, 2, 2, 2, 2, 1, 1, 1, 1, 1, 1, 1, 1, 1, 1, 2, 2, 2, 2, 2, 2, 2, 2, 
2, 2, 1, 1, 1, 1, 1, 1, 1, 1, 1, 1, 2, 2, 2, 2, 2, 2, 2, 2, 2, 2, 1, 1, 1, 1, 
1, 1, 1, 1, 1, 1, 2, 2, 2, 2, 2, 2, 2, 2, 2, 2, 1, 1, 1, 1, 1, 1, 1, 1, 1, 1, 
2, 2, 2, 2, 2, 2, 2, 2, 2, 2, 1, 1, 1, 1, 1, 1, 1, 1, 1, 1, 2, 2, 2, 2, 2, 2, 
2, 2, 2, 2, 1, 1, 1, 1, 1, 1, 1, 1, 1, 1, 2, 2, 2, 2, 2, 2, 2, 2, 2, 2, 1, 1, 
1, 1, 1, 1, 1, 1, 1, 1, 2, 2, 2, 2, 2, 2, 2, 2, 2, 2, 1, 1, 1, 1, 1, 1, 1, 1, 
1, 1, 2, 2, 2, 2, 2, 2, 2, 2, 2, 2, 1, 1, 1, 1, 1, 1, 1, 1, 1, 1, 2, 2, 2, 2, 
2, 2, 2, 2, 2, 2, 1, 1, 1, 1, 1, 1, 1, 1, 1, 1, 2, 2, 2, 2, 2, 2, 2, 2, 2, 2, 
1, 1, 1, 1, 1, 1, 1, 1, 1, 1, 2, 2, 2, 2, 2, 2, 2, 2, 2, 2, 1, 1, 1, 1, 1, 1, 
1, 1, 1, 1, 2, 2, 2, 2, 2, 2, 2, 2, 2, 2, 1, 1, 1, 1, 1, 1, 1, 1, 1, 1, 2, 2, 
2, 2, 2, 2, 2, 2, 2, 2, 1, 1, 1, 1, 1, 1, 1, 1, 1, 1, 2, 2, 2, 2, 2, 2, 2, 2, 
2, 2, 1, 1, 1, 1, 1, 1, 1, 1, 1, 1, 2, 2, 2, 2, 2, 2, 2, 2, 2, 2, 1, 1, 1, 1, 
1, 1, 1, 1, 1, 1, 2, 2, 2, 2, 2, 2, 2, 2, 2, 2, 1, 1, 1, 1, 1, 1, 1, 1, 1, 1, 
2, 2, 2, 2, 2, 2, 2, 2, 2, 2, 1, 1, 1, 1, 1, 1, 1, 1, 1, 1, 2, 2, 2, 2, 2, 2, 
2, 2, 2, 2, 1, 1, 1, 1, 1, 1, 1, 1, 1, 1, 2, 2, 2, 2, 2, 2, 2, 2, 2, 2, 1, 1, 
1, 1, 1, 1, 1, 1, 1, 1, 2, 2, 2, 2, 2, 2, 2, 2, 2, 2, 1, 1, 1, 1, 1, 1, 1, 1, 
1, 1, 2, 2, 2, 2, 2, 2, 2, 2, 2, 2, 1, 1, 1, 1, 1, 1, 1, 1, 1, 1, 2, 2, 2, 2, 
2, 2, 2, 2, 2, 2, 1, 1, 1, 1, 1, 1, 1, 1, 1, 1, 2, 2, 2, 2, 2, 2, 2, 2, 2, 2, 
1, 1, 1, 1, 1, 1, 1, 1, 1, 1, 2, 2, 2, 2, 2, 2, 2, 2, 2, 2, 1, 1, 1, 1, 1, 1, 
1, 1, 1, 1, 2, 2, 2, 2, 2, 2, 2, 2, 2, 2, 1, 1, 1, 1, 1, 1, 1, 1, 1, 1, 2, 2, 
2, 2, 2, 2, 2, 2, 2, 2, 1, 1, 1, 1, 1, 1, 1, 1, 1, 1, 2, 2, 2, 2, 2, 2, 2, 2, 
2, 2, 1, 1, 1, 1, 1, 1, 1, 1, 1, 1, 2, 2, 2, 2, 2, 2, 2, 2, 2, 2, 1, 1, 1, 1, 
1, 1, 1, 1, 1, 1, 2, 2, 2, 2, 2, 2, 2, 2, 2, 2, 1, 1, 1, 1, 1, 1, 1, 1, 1, 1, 
2, 2, 2, 2, 2, 2, 2, 2, 2, 2, 1, 1, 1, 1, 1, 1, 1, 1, 1, 1, 2, 2, 2, 2, 2, 2, 
2, 2, 2, 2, 1, 1, 1, 1, 1, 1, 1, 1, 1, 1, 2, 2, 2, 2, 2, 2, 2, 2, 2, 2, 1, 1, 
1, 1, 1, 1, 1, 1, 1, 1, 2, 2, 2, 2, 2, 2, 2, 2, 2, 2, 1, 1, 1, 1, 1, 1, 1, 1, 
1, 1, 2, 2, 2, 2, 2, 2, 2, 2, 2, 2, 1, 1, 1, 1, 1, 1, 1, 1, 1, 1, 2, 2, 2, 2, 
2, 2, 2, 2, 2, 2, 1, 1, 1, 1, 1, 1, 1, 1, 1, 1, 2, 2, 2, 2, 2, 2, 2, 2, 2, 2, 
1, 1, 1, 1, 1, 1, 1, 1, 1, 1, 2, 2, 2, 2, 2, 2, 2, 2, 2, 2, 1, 1, 1, 1, 1, 1, 
1, 1, 1, 1, 2, 2, 2, 2, 2, 2, 2, 2, 2, 2, 1, 1, 1, 1, 1, 1, 1, 1, 1, 1, 2, 2, 
2, 2, 2, 2, 2, 2, 2, 2, 1, 1, 1, 1, 1, 1, 1, 1, 1, 1, 2, 2, 2, 2, 2, 2, 2, 2, 
2, 2, 1, 1, 1, 1, 1, 1, 1, 1, 1, 1, 2, 2, 2, 2, 2, 2, 2, 2, 2, 2, 1, 1, 1, 1, 
1, 1, 1, 1, 1, 1, 2, 2, 2, 2, 2, 2, 2, 2, 2, 2, 1, 1, 1, 1, 1, 1, 1, 1, 1, 1, 
2, 2, 2, 2, 2, 2, 2, 2, 2, 2, 1, 1, 1, 1, 1, 1, 1, 1, 1, 1, 2, 2, 2, 2, 2, 2, 
2, 2, 2, 2, 1, 1, 1, 1, 1, 1, 1, 1, 1, 1, 2, 2, 2, 2, 2, 2, 2, 2, 2, 2, 1, 1, 
1, 1, 1, 1, 1, 1, 1, 1, 2, 2, 2, 2, 2, 2, 2, 2, 2, 2, 1, 1, 1, 1, 1, 1, 1, 1, 
1, 1, 2, 2, 2, 2, 2, 2, 2, 2, 2, 2, 1, 1, 1, 1, 1, 1, 1, 1, 1, 1, 2, 2, 2, 2, 
2, 2, 2, 2, 2, 2, 1, 1, 1, 1, 1, 1, 1, 1, 1, 1, 2, 2, 2, 2, 2, 2, 2, 2, 2, 2, 
1, 1, 1, 1, 1, 1, 1, 1, 1, 1, 2, 2, 2, 2, 2, 2, 2, 2, 2, 2, 1, 1, 1, 1, 1, 1, 
1, 1, 1, 1, 2, 2, 2, 2, 2, 2, 2, 2, 2, 2, 1, 1, 1, 1, 1, 1, 1, 1, 1, 1, 2, 2, 
2, 2, 2, 2, 2, 2, 2, 2, 1, 1, 1, 1, 1, 1, 1, 1, 1, 1, 2, 2, 2, 2, 2, 2, 2, 2, 
2, 2, 1, 1, 1, 1, 1, 1, 1, 1, 1, 1, 2, 2, 2, 2, 2, 2, 2, 2, 2, 2, 1, 1, 1, 1, 
1, 1, 1, 1, 1, 1, 2, 2, 2, 2, 2, 2, 2, 2, 2, 2, 1, 1, 1, 1, 1, 1, 1, 1, 1, 1, 
2, 2, 2, 2, 2, 2, 2, 2, 2, 2, 1, 1, 1, 1, 1, 1, 1, 1, 1, 1, 2, 2, 2, 2, 2, 2, 
2, 2, 2, 2, 1, 1, 1, 1, 1, 1, 1, 1, 1, 1, 2, 2, 2, 2, 2, 2, 2, 2, 2, 2, 1, 1, 
1, 1, 1, 1, 1, 1, 1, 1, 2, 2, 2, 2, 2, 2, 2, 2, 2, 2, 1, 1, 1, 1, 1, 1, 1, 1, 
1, 1, 2, 2, 2, 2, 2, 2, 2, 2, 2, 2, 1, 1, 1, 1, 1, 1, 1, 1, 1, 1, 2, 2, 2, 2, 
2, 2, 2, 2, 2, 2, 1, 1, 1, 1, 1, 1, 1, 1, 1, 1, 2, 2, 2, 2, 2, 2, 2, 2, 2, 2, 
1, 1, 1, 1, 1, 1, 1, 1, 1, 1, 2, 2, 2, 2, 2, 2, 2, 2, 2, 2, 1, 1, 1, 1, 1, 1, 
1, 1, 1, 1, 2, 2, 2, 2, 2, 2, 2, 2, 2, 2, 1, 1, 1, 1, 1, 1, 1, 1, 1, 1, 2, 2, 
2, 2, 2, 2, 2, 2, 2, 2, 1, 1, 1, 1, 1, 1, 1, 1, 1, 1, 2, 2, 2, 2, 2, 2, 2, 2, 
2, 2, 1, 1, 1, 1, 1, 1, 1, 1, 1, 1, 2, 2, 2, 2, 2, 2, 2, 2, 2, 2, 1, 1, 1, 1, 
1, 1, 1, 1, 1, 1, 2, 2, 2, 2, 2, 2, 2, 2, 2, 2, 1, 1, 1, 1, 1, 1, 1, 1, 1, 1, 
2, 2, 2, 2, 2, 2, 2, 2, 2, 2, 1, 1, 1, 1, 1, 1, 1, 1, 1, 1, 2, 2, 2, 2, 2, 2, 
2, 2, 2, 2, 1, 1, 1, 1, 1, 1, 1, 1, 1, 1, 2, 2, 2, 2, 2, 2, 2, 2, 2, 2, 1, 1, 
1, 1, 1, 1, 1, 1, 1, 1, 2, 2, 2, 2, 2, 2, 2, 2, 2, 2, 1, 1, 1, 1, 1, 1, 1, 1, 
1, 1, 2, 2, 2, 2, 2, 2, 2, 2, 2, 2, 1, 1, 1, 1, 1, 1, 1, 1, 1, 1, 2, 2, 2, 2, 
2, 2, 2, 2, 2, 2, 1, 1, 1, 1, 1, 1, 1, 1, 1, 1, 2, 2, 2, 2, 2, 2, 2, 2, 2, 2, 
1, 1, 1, 1, 1, 1, 1, 1, 1, 1, 2, 2, 2, 2, 2, 2, 2, 2, 2, 2, 1, 1, 1, 1, 1, 1, 
1, 1, 1, 1, 2, 2, 2, 2, 2, 2, 2, 2, 2, 2, 1, 1, 1, 1, 1, 1, 1, 1, 1, 1, 2, 2, 
2, 2, 2, 2, 2, 2, 2, 2, 1, 1, 1, 1, 1, 1, 1, 1, 1, 1, 2, 2, 2, 2, 2, 2, 2, 2, 
2, 2, 1, 1, 1, 1, 1, 1, 1, 1, 1, 1, 2, 2, 2, 2, 2, 2, 2, 2, 2, 2, 1, 1, 1, 1, 
1, 1, 1, 1, 1, 1, 2, 2, 2, 2, 2, 2, 2, 2, 2, 2, 1, 1, 1, 1, 1, 1, 1, 1, 1, 1, 
2, 2, 2, 2, 2, 2, 2, 2, 2, 2, 1, 1, 1, 1, 1, 1, 1, 1, 1, 1, 2, 2, 2, 2, 2, 2, 
2, 2, 2, 2, 1, 1, 1, 1, 1, 1, 1, 1, 1, 1, 2, 2, 2, 2, 2, 2, 2, 2, 2, 2, 1, 1, 
1, 1, 1, 1, 1, 1, 1, 1, 2, 2, 2, 2, 2, 2, 2, 2, 2, 2, 1, 1, 1, 1, 1, 1, 1, 1, 
1, 1, 2, 2, 2, 2, 2, 2, 2, 2, 2, 2, 1, 1, 1, 1, 1, 1, 1, 1, 1, 1, 2, 2, 2, 2, 
2, 2, 2, 2, 2, 2, 1, 1, 1, 1, 1, 1, 1, 1, 1, 1, 2, 2, 2, 2, 2, 2, 2, 2, 2, 2, 
1, 1, 1, 1, 1, 1, 1, 1, 1, 1, 2, 2, 2, 2, 2, 2, 2, 2, 2, 2, 1, 1, 1, 1, 1, 1, 
1, 1, 1, 1, 2, 2, 2, 2, 2, 2, 2, 2, 2, 2, 1, 1, 1, 1, 1, 1, 1, 1, 1, 1, 2, 2, 
2, 2, 2, 2, 2, 2, 2, 2, 1, 1, 1, 1, 1, 1, 1, 1, 1, 1, 2, 2, 2, 2, 2, 2, 2, 2, 
2, 2, 1, 1, 1, 1, 1, 1, 1, 1, 1, 1, 2, 2, 2, 2, 2, 2, 2, 2, 2, 2, 1, 1, 1, 1, 
1, 1, 1, 1, 1, 1, 2, 2, 2, 2, 2, 2, 2, 2, 2, 2, 1, 1, 1, 1, 1, 1, 1, 1, 1, 1, 
2, 2, 2, 2, 2, 2, 2, 2, 2, 2, 1, 1, 1, 1, 1, 1, 1, 1, 1, 1, 2, 2, 2, 2, 2, 2, 
2, 2, 2, 2, 1, 1, 1, 1, 1, 1, 1, 1, 1, 1, 2, 2, 2, 2, 2, 2, 2, 2, 2, 2, 1, 1, 
1, 1, 1, 1, 1, 1, 1, 1, 2, 2, 2, 2, 2, 2, 2, 2, 2, 2, 1, 1, 1, 1, 1, 1, 1, 1, 
1, 1, 2, 2, 2, 2, 2, 2, 2, 2, 2, 2, 1, 1, 1, 1, 1, 1, 1, 1, 1, 1, 2, 2, 2, 2, 
2, 2, 2, 2, 2, 2, 1, 1, 1, 1, 1, 1, 1, 1, 1, 1, 2, 2, 2, 2, 2, 2, 2, 2, 2, 2, 
1, 1, 1, 1, 1, 1, 1, 1, 1, 1, 2, 2, 2, 2, 2, 2, 2, 2, 2, 2, 1, 1, 1, 1, 1, 1, 
1, 1, 1, 1, 2, 2, 2, 2, 2, 2, 2, 2, 2, 2, 1, 1, 1, 1, 1, 1, 1, 1, 1, 1, 2, 2, 
2, 2, 2, 2, 2, 2, 2, 2, 1, 1, 1, 1, 1, 1, 1, 1, 1, 1, 2, 2, 2, 2, 2, 2, 2, 2, 
2, 2, 1, 1, 1, 1, 1, 1, 1, 1, 1, 1, 2, 2, 2, 2, 2, 2, 2, 2, 2, 2, 1, 1, 1, 1, 
1, 1, 1, 1, 1, 1, 2, 2, 2, 2, 2, 2, 2, 2, 2, 2, 1, 1, 1, 1, 1, 1, 1, 1, 1, 1, 
2, 2, 2, 2, 2, 2, 2, 2, 2, 2, 1, 1, 1, 1, 1, 1, 1, 1, 1, 1, 2, 2, 2, 2, 2, 2, 
2, 2, 2, 2, 1, 1, 1, 1, 1, 1, 1, 1, 1, 1, 2, 2, 2, 2, 2, 2, 2, 2, 2, 2, 1, 1, 
1, 1, 1, 1, 1, 1, 1, 1, 2, 2, 2, 2, 2, 2, 2, 2, 2, 2, 1, 1, 1, 1, 1, 1, 1, 1, 
1, 1, 2, 2, 2, 2, 2, 2, 2, 2, 2, 2, 1, 1, 1, 1, 1, 1, 1, 1, 1, 1, 2, 2, 2, 2, 
2, 2, 2, 2, 2, 2, 1, 1, 1, 1, 1, 1, 1, 1, 1, 1, 2, 2, 2, 2, 2, 2, 2, 2, 2, 2, 
1, 1, 1, 1, 1, 1, 1, 1, 1, 1, 2, 2, 2, 2, 2, 2, 2, 2, 2, 2, 1, 1, 1, 1, 1, 1, 
1, 1, 1, 1, 2, 2, 2, 2, 2, 2, 2, 2, 2, 2, 1, 1, 1, 1, 1, 1, 1, 1, 1, 1, 2, 2, 
2, 2, 2, 2, 2, 2, 2, 2, 1, 1, 1, 1, 1, 1, 1, 1, 1, 1, 2, 2, 2, 2, 2, 2, 2, 2, 
2, 2, 1, 1, 1, 1, 1, 1, 1, 1, 1, 1, 2, 2, 2, 2, 2, 2, 2, 2, 2, 2, 1, 1, 1, 1, 
1, 1, 1, 1, 1, 1, 2, 2, 2, 2, 2, 2, 2, 2, 2, 2, 1, 1, 1, 1, 1, 1, 1, 1, 1, 1, 
2, 2, 2, 2, 2, 2, 2, 2, 2, 2, 1, 1, 1, 1, 1, 1, 1, 1, 1, 1, 2, 2, 2, 2, 2, 2, 
2, 2, 2, 2, 1, 1, 1, 1, 1, 1, 1, 1, 1, 1, 2, 2, 2, 2, 2, 2, 2, 2, 2, 2, 1, 1, 
1, 1, 1, 1, 1, 1, 1, 1, 2, 2, 2, 2, 2, 2, 2, 2, 2, 2, 1, 1, 1, 1, 1, 1, 1, 1, 
1, 1, 2, 2, 2, 2, 2, 2, 2, 2, 2, 2, 1, 1, 1, 1, 1, 1, 1, 1, 1, 1, 2, 2, 2, 2, 
2, 2, 2, 2, 2, 2, 1, 1, 1, 1, 1, 1, 1, 1, 1, 1, 2, 2, 2, 2, 2, 2, 2, 2, 2, 2, 
1, 1, 1, 1, 1, 1, 1, 1, 1, 1, 2, 2, 2, 2, 2, 2, 2, 2, 2, 2, 1, 1, 1, 1, 1, 1, 
1, 1, 1, 1, 2, 2, 2, 2, 2, 2, 2, 2, 2, 2, 1, 1, 1, 1, 1, 1, 1, 1, 1, 1, 2, 2, 
2, 2, 2, 2, 2, 2, 2, 2, 1, 1, 1, 1, 1, 1, 1, 1, 1, 1, 2, 2, 2, 2, 2, 2, 2, 2, 
2, 2, 1, 1, 1, 1, 1, 1, 1, 1, 1, 1, 2, 2, 2, 2, 2, 2, 2, 2, 2, 2, 1, 1, 1, 1, 
1, 1, 1, 1, 1, 1, 2, 2, 2, 2, 2, 2, 2, 2, 2, 2, 1, 1, 1, 1, 1, 1, 1, 1, 1, 1, 
2, 2, 2, 2, 2, 2, 2, 2, 2, 2, 1, 1, 1, 1, 1, 1, 1, 1, 1, 1, 2, 2, 2, 2, 2, 2, 
2, 2, 2, 2, 1, 1, 1, 1, 1, 1, 1, 1, 1, 1, 2, 2, 2, 2, 2, 2, 2, 2, 2, 2, 1, 1, 
1, 1, 1, 1, 1, 1, 1, 1, 2, 2, 2, 2, 2, 2, 2, 2, 2, 2, 1, 1, 1, 1, 1, 1, 1, 1, 
1, 1, 2, 2, 2, 2, 2, 2, 2, 2, 2, 2, 1, 1, 1, 1, 1, 1, 1, 1, 1, 1, 2, 2, 2, 2, 
2, 2, 2, 2, 2, 2, 1, 1, 1, 1, 1, 1, 1, 1, 1, 1, 2, 2, 2, 2, 2, 2, 2, 2, 2, 2, 
1, 1, 1, 1, 1, 1, 1, 1, 1, 1, 2, 2, 2, 2, 2, 2, 2, 2, 2, 2, 1, 1, 1, 1, 1, 1, 
1, 1, 1, 1, 2, 2, 2, 2, 2, 2, 2, 2, 2, 2, 1, 1, 1, 1, 1, 1, 1, 1, 1, 1, 2, 2, 
2, 2, 2, 2, 2, 2, 2, 2, 1, 1, 1, 1, 1, 1, 1, 1, 1, 1, 2, 2, 2, 2, 2, 2, 2, 2, 
2, 2, 1, 1, 1, 1, 1, 1, 1, 1, 1, 1, 2, 2, 2, 2, 2, 2, 2, 2, 2, 2, 1, 1, 1, 1, 
1, 1, 1, 1, 1, 1, 2, 2, 2, 2, 2, 2, 2, 2, 2, 2, 1, 1, 1, 1, 1, 1, 1, 1, 1, 1, 
2, 2, 2, 2, 2, 2, 2, 2, 2, 2, 1, 1, 1, 1, 1, 1, 1, 1, 1, 1, 2, 2, 2, 2, 2, 2, 
2, 2, 2, 2, 1, 1, 1, 1, 1, 1, 1, 1, 1, 1, 2, 2, 2, 2, 2, 2, 2, 2, 2, 2, 1, 1, 
1, 1, 1, 1, 1, 1, 1, 1, 2, 2, 2, 2, 2, 2, 2, 2, 2, 2, 1, 1, 1, 1, 1, 1, 1, 1, 
1, 1, 2, 2, 2, 2, 2, 2, 2, 2, 2, 2, 1, 1, 1, 1, 1, 1, 1, 1, 1, 1, 2, 2, 2, 2, 
2, 2, 2, 2, 2, 2, 1, 1, 1, 1, 1, 1, 1, 1, 1, 1, 2, 2, 2, 2, 2, 2, 2, 2, 2, 2, 
1, 1, 1, 1, 1, 1, 1, 1, 1, 1, 2, 2, 2, 2, 2, 2, 2, 2, 2, 2, 1, 1, 1, 1, 1, 1, 
1, 1, 1, 1, 2, 2, 2, 2, 2, 2, 2, 2, 2, 2, 1, 1, 1, 1, 1, 1, 1, 1, 1, 1, 2, 2, 
2, 2, 2, 2, 2, 2, 2, 2, 1, 1, 1, 1, 1, 1, 1, 1, 1, 1, 2, 2, 2, 2, 2, 2, 2, 2, 
2, 2, 1, 1, 1, 1, 1, 1, 1, 1, 1, 1, 2, 2, 2, 2, 2, 2, 2, 2, 2, 2, 1, 1, 1, 1, 
1, 1, 1, 1, 1, 1, 2, 2, 2, 2, 2, 2, 2, 2, 2, 2, 1, 1, 1, 1, 1, 1, 1, 1, 1, 1, 
2, 2, 2, 2, 2, 2, 2, 2, 2, 2, 1, 1, 1, 1, 1, 1, 1, 1, 1, 1, 2, 2, 2, 2, 2, 2, 
2, 2, 2, 2, 1, 1, 1, 1, 1, 1, 1, 1, 1, 1, 2, 2, 2, 2, 2, 2, 2, 2, 2, 2, 1, 1, 
1, 1, 1, 1, 1, 1, 1, 1, 2, 2, 2, 2, 2, 2, 2, 2, 2, 2, 1, 1, 1, 1, 1, 1, 1, 1, 
1, 1, 2, 2, 2, 2, 2, 2, 2, 2, 2, 2, 1, 1, 1, 1, 1, 1, 1, 1, 1, 1, 2, 2, 2, 2, 
2, 2, 2, 2, 2, 2, 1, 1, 1, 1, 1, 1, 1, 1, 1, 1, 2, 2, 2, 2, 2, 2, 2, 2, 2, 2, 
1, 1, 1, 1, 1, 1, 1, 1, 1, 1, 2, 2, 2, 2, 2, 2, 2, 2, 2, 2, 1, 1, 1, 1, 1, 1, 
1, 1, 1, 1, 2, 2, 2, 2, 2, 2, 2, 2, 2, 2, 1, 1, 1, 1, 1, 1, 1, 1, 1, 1, 2, 2, 
2, 2, 2, 2, 2, 2, 2, 2, 1, 1, 1, 1, 1, 1, 1, 1, 1, 1, 2, 2, 2, 2, 2, 2, 2, 2, 
2, 2, 1, 1, 1, 1, 1, 1, 1, 1, 1, 1, 2, 2, 2, 2, 2, 2, 2, 2, 2, 2, 1, 1, 1, 1, 
1, 1, 1, 1, 1, 1, 2, 2, 2, 2, 2, 2, 2, 2, 2, 2, 1, 1, 1, 1, 1, 1, 1, 1, 1, 1, 
2, 2, 2, 2, 2, 2, 2, 2, 2, 2, 1, 1, 1, 1, 1, 1, 1, 1, 1, 1, 2, 2, 2, 2, 2, 2, 
2, 2, 2, 2, 1, 1, 1, 1, 1, 1, 1, 1, 1, 1, 2, 2, 2, 2, 2, 2, 2, 2, 2, 2, 1, 1, 
1, 1, 1, 1, 1, 1, 1, 1, 2, 2, 2, 2, 2, 2, 2, 2, 2, 2, 1, 1, 1, 1, 1, 1, 1, 1, 
1, 1, 2, 2, 2, 2, 2, 2, 2, 2, 2, 2, 1, 1, 1, 1, 1, 1, 1, 1, 1, 1, 2, 2, 2, 2, 
2, 2, 2, 2, 2, 2, 1, 1, 1, 1, 1, 1, 1, 1, 1, 1, 2, 2, 2, 2, 2, 2, 2, 2, 2, 2, 
1, 1, 1, 1, 1, 1, 1, 1, 1, 1, 2, 2, 2, 2, 2, 2, 2, 2, 2, 2, 1, 1, 1, 1, 1, 1, 
1, 1, 1, 1, 2, 2, 2, 2, 2, 2, 2, 2, 2, 2, 1, 1, 1, 1, 1, 1, 1, 1, 1, 1, 2, 2, 
2, 2, 2, 2, 2, 2, 2, 2, 1, 1, 1, 1, 1, 1, 1, 1, 1, 1, 2, 2, 2, 2, 2, 2, 2, 2, 
2, 2, 1, 1, 1, 1, 1, 1, 1, 1, 1, 1, 2, 2, 2, 2, 2, 2, 2, 2, 2, 2
),
year=c(1, 2, 3, 4, 5, 6, 7, 8, 9, 10, 1, 2, 3, 4, 5, 6, 7, 8, 9, 10, 1, 2, 3, 4, 5, 6, 
7, 8, 9, 10, 1, 2, 3, 4, 5, 6, 7, 8, 9, 10, 1, 2, 3, 4, 5, 6, 7, 8, 9, 10, 1, 
2, 3, 4, 5, 6, 7, 8, 9, 10, 1, 2, 3, 4, 5, 6, 7, 8, 9, 10, 1, 2, 3, 4, 5, 6, 7, 
8, 9, 10, 1, 2, 3, 4, 5, 6, 7, 8, 9, 10, 1, 2, 3, 4, 5, 6, 7, 8, 9, 10, 1, 2, 
3, 4, 5, 6, 7, 8, 9, 10, 1, 2, 3, 4, 5, 6, 7, 8, 9, 10, 1, 2, 3, 4, 5, 6, 7, 8, 
9, 10, 1, 2, 3, 4, 5, 6, 7, 8, 9, 10, 1, 2, 3, 4, 5, 6, 7, 8, 9, 10, 1, 2, 3, 
4, 5, 6, 7, 8, 9, 10, 1, 2, 3, 4, 5, 6, 7, 8, 9, 10, 1, 2, 3, 4, 5, 6, 7, 8, 9, 
10, 1, 2, 3, 4, 5, 6, 7, 8, 9, 10, 1, 2, 3, 4, 5, 6, 7, 8, 9, 10, 1, 2, 3, 4, 
5, 6, 7, 8, 9, 10, 1, 2, 3, 4, 5, 6, 7, 8, 9, 10, 1, 2, 3, 4, 5, 6, 7, 8, 9, 
10, 1, 2, 3, 4, 5, 6, 7, 8, 9, 10, 1, 2, 3, 4, 5, 6, 7, 8, 9, 10, 1, 2, 3, 4, 
5, 6, 7, 8, 9, 10, 1, 2, 3, 4, 5, 6, 7, 8, 9, 10, 1, 2, 3, 4, 5, 6, 7, 8, 9, 
10, 1, 2, 3, 4, 5, 6, 7, 8, 9, 10, 1, 2, 3, 4, 5, 6, 7, 8, 9, 10, 1, 2, 3, 4, 
5, 6, 7, 8, 9, 10, 1, 2, 3, 4, 5, 6, 7, 8, 9, 10, 1, 2, 3, 4, 5, 6, 7, 8, 9, 
10, 1, 2, 3, 4, 5, 6, 7, 8, 9, 10, 1, 2, 3, 4, 5, 6, 7, 8, 9, 10, 1, 2, 3, 4, 
5, 6, 7, 8, 9, 10, 1, 2, 3, 4, 5, 6, 7, 8, 9, 10, 1, 2, 3, 4, 5, 6, 7, 8, 9, 
10, 1, 2, 3, 4, 5, 6, 7, 8, 9, 10, 1, 2, 3, 4, 5, 6, 7, 8, 9, 10, 1, 2, 3, 4, 
5, 6, 7, 8, 9, 10, 1, 2, 3, 4, 5, 6, 7, 8, 9, 10, 1, 2, 3, 4, 5, 6, 7, 8, 9, 
10, 1, 2, 3, 4, 5, 6, 7, 8, 9, 10, 1, 2, 3, 4, 5, 6, 7, 8, 9, 10, 1, 2, 3, 4, 
5, 6, 7, 8, 9, 10, 1, 2, 3, 4, 5, 6, 7, 8, 9, 10, 1, 2, 3, 4, 5, 6, 7, 8, 9, 
10, 1, 2, 3, 4, 5, 6, 7, 8, 9, 10, 1, 2, 3, 4, 5, 6, 7, 8, 9, 10, 1, 2, 3, 4, 
5, 6, 7, 8, 9, 10, 1, 2, 3, 4, 5, 6, 7, 8, 9, 10, 1, 2, 3, 4, 5, 6, 7, 8, 9, 
10, 1, 2, 3, 4, 5, 6, 7, 8, 9, 10, 1, 2, 3, 4, 5, 6, 7, 8, 9, 10, 1, 2, 3, 4, 
5, 6, 7, 8, 9, 10, 1, 2, 3, 4, 5, 6, 7, 8, 9, 10, 1, 2, 3, 4, 5, 6, 7, 8, 9, 
10, 1, 2, 3, 4, 5, 6, 7, 8, 9, 10, 1, 2, 3, 4, 5, 6, 7, 8, 9, 10, 1, 2, 3, 4, 
5, 6, 7, 8, 9, 10, 1, 2, 3, 4, 5, 6, 7, 8, 9, 10, 1, 2, 3, 4, 5, 6, 7, 8, 9, 
10, 1, 2, 3, 4, 5, 6, 7, 8, 9, 10, 1, 2, 3, 4, 5, 6, 7, 8, 9, 10, 1, 2, 3, 4, 
5, 6, 7, 8, 9, 10, 1, 2, 3, 4, 5, 6, 7, 8, 9, 10, 1, 2, 3, 4, 5, 6, 7, 8, 9, 
10, 1, 2, 3, 4, 5, 6, 7, 8, 9, 10, 1, 2, 3, 4, 5, 6, 7, 8, 9, 10, 1, 2, 3, 4, 
5, 6, 7, 8, 9, 10, 1, 2, 3, 4, 5, 6, 7, 8, 9, 10, 1, 2, 3, 4, 5, 6, 7, 8, 9, 
10, 1, 2, 3, 4, 5, 6, 7, 8, 9, 10, 1, 2, 3, 4, 5, 6, 7, 8, 9, 10, 1, 2, 3, 4, 
5, 6, 7, 8, 9, 10, 1, 2, 3, 4, 5, 6, 7, 8, 9, 10, 1, 2, 3, 4, 5, 6, 7, 8, 9, 
10, 1, 2, 3, 4, 5, 6, 7, 8, 9, 10, 1, 2, 3, 4, 5, 6, 7, 8, 9, 10, 1, 2, 3, 4, 
5, 6, 7, 8, 9, 10, 1, 2, 3, 4, 5, 6, 7, 8, 9, 10, 1, 2, 3, 4, 5, 6, 7, 8, 9, 
10, 1, 2, 3, 4, 5, 6, 7, 8, 9, 10, 1, 2, 3, 4, 5, 6, 7, 8, 9, 10, 1, 2, 3, 4, 
5, 6, 7, 8, 9, 10, 1, 2, 3, 4, 5, 6, 7, 8, 9, 10, 1, 2, 3, 4, 5, 6, 7, 8, 9, 
10, 1, 2, 3, 4, 5, 6, 7, 8, 9, 10, 1, 2, 3, 4, 5, 6, 7, 8, 9, 10, 1, 2, 3, 4, 
5, 6, 7, 8, 9, 10, 1, 2, 3, 4, 5, 6, 7, 8, 9, 10, 1, 2, 3, 4, 5, 6, 7, 8, 9, 
10, 1, 2, 3, 4, 5, 6, 7, 8, 9, 10, 1, 2, 3, 4, 5, 6, 7, 8, 9, 10, 1, 2, 3, 4, 
5, 6, 7, 8, 9, 10, 1, 2, 3, 4, 5, 6, 7, 8, 9, 10, 1, 2, 3, 4, 5, 6, 7, 8, 9, 
10, 1, 2, 3, 4, 5, 6, 7, 8, 9, 10, 1, 2, 3, 4, 5, 6, 7, 8, 9, 10, 1, 2, 3, 4, 
5, 6, 7, 8, 9, 10, 1, 2, 3, 4, 5, 6, 7, 8, 9, 10, 1, 2, 3, 4, 5, 6, 7, 8, 9, 
10, 1, 2, 3, 4, 5, 6, 7, 8, 9, 10, 1, 2, 3, 4, 5, 6, 7, 8, 9, 10, 1, 2, 3, 4, 
5, 6, 7, 8, 9, 10, 1, 2, 3, 4, 5, 6, 7, 8, 9, 10, 1, 2, 3, 4, 5, 6, 7, 8, 9, 
10, 1, 2, 3, 4, 5, 6, 7, 8, 9, 10, 1, 2, 3, 4, 5, 6, 7, 8, 9, 10, 1, 2, 3, 4, 
5, 6, 7, 8, 9, 10, 1, 2, 3, 4, 5, 6, 7, 8, 9, 10, 1, 2, 3, 4, 5, 6, 7, 8, 9, 
10, 1, 2, 3, 4, 5, 6, 7, 8, 9, 10, 1, 2, 3, 4, 5, 6, 7, 8, 9, 10, 1, 2, 3, 4, 
5, 6, 7, 8, 9, 10, 1, 2, 3, 4, 5, 6, 7, 8, 9, 10, 1, 2, 3, 4, 5, 6, 7, 8, 9, 
10, 1, 2, 3, 4, 5, 6, 7, 8, 9, 10, 1, 2, 3, 4, 5, 6, 7, 8, 9, 10, 1, 2, 3, 4, 
5, 6, 7, 8, 9, 10, 1, 2, 3, 4, 5, 6, 7, 8, 9, 10, 1, 2, 3, 4, 5, 6, 7, 8, 9, 
10, 1, 2, 3, 4, 5, 6, 7, 8, 9, 10, 1, 2, 3, 4, 5, 6, 7, 8, 9, 10, 1, 2, 3, 4, 
5, 6, 7, 8, 9, 10, 1, 2, 3, 4, 5, 6, 7, 8, 9, 10, 1, 2, 3, 4, 5, 6, 7, 8, 9, 
10, 1, 2, 3, 4, 5, 6, 7, 8, 9, 10, 1, 2, 3, 4, 5, 6, 7, 8, 9, 10, 1, 2, 3, 4, 
5, 6, 7, 8, 9, 10, 1, 2, 3, 4, 5, 6, 7, 8, 9, 10, 1, 2, 3, 4, 5, 6, 7, 8, 9, 
10, 1, 2, 3, 4, 5, 6, 7, 8, 9, 10, 1, 2, 3, 4, 5, 6, 7, 8, 9, 10, 1, 2, 3, 4, 
5, 6, 7, 8, 9, 10, 1, 2, 3, 4, 5, 6, 7, 8, 9, 10, 1, 2, 3, 4, 5, 6, 7, 8, 9, 
10, 1, 2, 3, 4, 5, 6, 7, 8, 9, 10, 1, 2, 3, 4, 5, 6, 7, 8, 9, 10, 1, 2, 3, 4, 
5, 6, 7, 8, 9, 10, 1, 2, 3, 4, 5, 6, 7, 8, 9, 10, 1, 2, 3, 4, 5, 6, 7, 8, 9, 
10, 1, 2, 3, 4, 5, 6, 7, 8, 9, 10, 1, 2, 3, 4, 5, 6, 7, 8, 9, 10, 1, 2, 3, 4, 
5, 6, 7, 8, 9, 10, 1, 2, 3, 4, 5, 6, 7, 8, 9, 10, 1, 2, 3, 4, 5, 6, 7, 8, 9, 
10, 1, 2, 3, 4, 5, 6, 7, 8, 9, 10, 1, 2, 3, 4, 5, 6, 7, 8, 9, 10, 1, 2, 3, 4, 
5, 6, 7, 8, 9, 10, 1, 2, 3, 4, 5, 6, 7, 8, 9, 10, 1, 2, 3, 4, 5, 6, 7, 8, 9, 
10, 1, 2, 3, 4, 5, 6, 7, 8, 9, 10, 1, 2, 3, 4, 5, 6, 7, 8, 9, 10, 1, 2, 3, 4, 
5, 6, 7, 8, 9, 10, 1, 2, 3, 4, 5, 6, 7, 8, 9, 10, 1, 2, 3, 4, 5, 6, 7, 8, 9, 
10, 1, 2, 3, 4, 5, 6, 7, 8, 9, 10, 1, 2, 3, 4, 5, 6, 7, 8, 9, 10, 1, 2, 3, 4, 
5, 6, 7, 8, 9, 10, 1, 2, 3, 4, 5, 6, 7, 8, 9, 10, 1, 2, 3, 4, 5, 6, 7, 8, 9, 
10, 1, 2, 3, 4, 5, 6, 7, 8, 9, 10, 1, 2, 3, 4, 5, 6, 7, 8, 9, 10, 1, 2, 3, 4, 
5, 6, 7, 8, 9, 10, 1, 2, 3, 4, 5, 6, 7, 8, 9, 10, 1, 2, 3, 4, 5, 6, 7, 8, 9, 
10, 1, 2, 3, 4, 5, 6, 7, 8, 9, 10, 1, 2, 3, 4, 5, 6, 7, 8, 9, 10, 1, 2, 3, 4, 
5, 6, 7, 8, 9, 10, 1, 2, 3, 4, 5, 6, 7, 8, 9, 10, 1, 2, 3, 4, 5, 6, 7, 8, 9, 
10, 1, 2, 3, 4, 5, 6, 7, 8, 9, 10, 1, 2, 3, 4, 5, 6, 7, 8, 9, 10, 1, 2, 3, 4, 
5, 6, 7, 8, 9, 10, 1, 2, 3, 4, 5, 6, 7, 8, 9, 10, 1, 2, 3, 4, 5, 6, 7, 8, 9, 
10, 1, 2, 3, 4, 5, 6, 7, 8, 9, 10, 1, 2, 3, 4, 5, 6, 7, 8, 9, 10, 1, 2, 3, 4, 
5, 6, 7, 8, 9, 10, 1, 2, 3, 4, 5, 6, 7, 8, 9, 10, 1, 2, 3, 4, 5, 6, 7, 8, 9, 
10, 1, 2, 3, 4, 5, 6, 7, 8, 9, 10, 1, 2, 3, 4, 5, 6, 7, 8, 9, 10, 1, 2, 3, 4, 
5, 6, 7, 8, 9, 10, 1, 2, 3, 4, 5, 6, 7, 8, 9, 10, 1, 2, 3, 4, 5, 6, 7, 8, 9, 
10, 1, 2, 3, 4, 5, 6, 7, 8, 9, 10, 1, 2, 3, 4, 5, 6, 7, 8, 9, 10, 1, 2, 3, 4, 
5, 6, 7, 8, 9, 10, 1, 2, 3, 4, 5, 6, 7, 8, 9, 10, 1, 2, 3, 4, 5, 6, 7, 8, 9, 
10, 1, 2, 3, 4, 5, 6, 7, 8, 9, 10, 1, 2, 3, 4, 5, 6, 7, 8, 9, 10, 1, 2, 3, 4, 
5, 6, 7, 8, 9, 10, 1, 2, 3, 4, 5, 6, 7, 8, 9, 10, 1, 2, 3, 4, 5, 6, 7, 8, 9, 
10, 1, 2, 3, 4, 5, 6, 7, 8, 9, 10, 1, 2, 3, 4, 5, 6, 7, 8, 9, 10, 1, 2, 3, 4, 
5, 6, 7, 8, 9, 10, 1, 2, 3, 4, 5, 6, 7, 8, 9, 10, 1, 2, 3, 4, 5, 6, 7, 8, 9, 
10, 1, 2, 3, 4, 5, 6, 7, 8, 9, 10, 1, 2, 3, 4, 5, 6, 7, 8, 9, 10, 1, 2, 3, 4, 
5, 6, 7, 8, 9, 10, 1, 2, 3, 4, 5, 6, 7, 8, 9, 10, 1, 2, 3, 4, 5, 6, 7, 8, 9, 
10, 1, 2, 3, 4, 5, 6, 7, 8, 9, 10, 1, 2, 3, 4, 5, 6, 7, 8, 9, 10, 1, 2, 3, 4, 
5, 6, 7, 8, 9, 10, 1, 2, 3, 4, 5, 6, 7, 8, 9, 10, 1, 2, 3, 4, 5, 6, 7, 8, 9, 
10, 1, 2, 3, 4, 5, 6, 7, 8, 9, 10, 1, 2, 3, 4, 5, 6, 7, 8, 9, 10, 1, 2, 3, 4, 
5, 6, 7, 8, 9, 10, 1, 2, 3, 4, 5, 6, 7, 8, 9, 10, 1, 2, 3, 4, 5, 6, 7, 8, 9, 
10, 1, 2, 3, 4, 5, 6, 7, 8, 9, 10, 1, 2, 3, 4, 5, 6, 7, 8, 9, 10, 1, 2, 3, 4, 
5, 6, 7, 8, 9, 10, 1, 2, 3, 4, 5, 6, 7, 8, 9, 10, 1, 2, 3, 4, 5, 6, 7, 8, 9, 
10, 1, 2, 3, 4, 5, 6, 7, 8, 9, 10, 1, 2, 3, 4, 5, 6, 7, 8, 9, 10, 1, 2, 3, 4, 
5, 6, 7, 8, 9, 10, 1, 2, 3, 4, 5, 6, 7, 8, 9, 10, 1, 2, 3, 4, 5, 6, 7, 8, 9, 
10, 1, 2, 3, 4, 5, 6, 7, 8, 9, 10, 1, 2, 3, 4, 5, 6, 7, 8, 9, 10, 1, 2, 3, 4, 
5, 6, 7, 8, 9, 10, 1, 2, 3, 4, 5, 6, 7, 8, 9, 10, 1, 2, 3, 4, 5, 6, 7, 8, 9, 
10, 1, 2, 3, 4, 5, 6, 7, 8, 9, 10, 1, 2, 3, 4, 5, 6, 7, 8, 9, 10, 1, 2, 3, 4, 
5, 6, 7, 8, 9, 10, 1, 2, 3, 4, 5, 6, 7, 8, 9, 10, 1, 2, 3, 4, 5, 6, 7, 8, 9, 
10, 1, 2, 3, 4, 5, 6, 7, 8, 9, 10, 1, 2, 3, 4, 5, 6, 7, 8, 9, 10, 1, 2, 3, 4, 
5, 6, 7, 8, 9, 10, 1, 2, 3, 4, 5, 6, 7, 8, 9, 10, 1, 2, 3, 4, 5, 6, 7, 8, 9, 
10, 1, 2, 3, 4, 5, 6, 7, 8, 9, 10, 1, 2, 3, 4, 5, 6, 7, 8, 9, 10, 1, 2, 3, 4, 
5, 6, 7, 8, 9, 10, 1, 2, 3, 4, 5, 6, 7, 8, 9, 10, 1, 2, 3, 4, 5, 6, 7, 8, 9, 
10, 1, 2, 3, 4, 5, 6, 7, 8, 9, 10, 1, 2, 3, 4, 5, 6, 7, 8, 9, 10, 1, 2, 3, 4, 
5, 6, 7, 8, 9, 10, 1, 2, 3, 4, 5, 6, 7, 8, 9, 10, 1, 2, 3, 4, 5, 6, 7, 8, 9, 
10, 1, 2, 3, 4, 5, 6, 7, 8, 9, 10, 1, 2, 3, 4, 5, 6, 7, 8, 9, 10, 1, 2, 3, 4, 
5, 6, 7, 8, 9, 10, 1, 2, 3, 4, 5, 6, 7, 8, 9, 10, 1, 2, 3, 4, 5, 6, 7, 8, 9, 
10, 1, 2, 3, 4, 5, 6, 7, 8, 9, 10, 1, 2, 3, 4, 5, 6, 7, 8, 9, 10, 1, 2, 3, 4, 
5, 6, 7, 8, 9, 10, 1, 2, 3, 4, 5, 6, 7, 8, 9, 10, 1, 2, 3, 4, 5, 6, 7, 8, 9, 
10, 1, 2, 3, 4, 5, 6, 7, 8, 9, 10, 1, 2, 3, 4, 5, 6, 7, 8, 9, 10, 1, 2, 3, 4, 
5, 6, 7, 8, 9, 10, 1, 2, 3, 4, 5, 6, 7, 8, 9, 10, 1, 2, 3, 4, 5, 6, 7, 8, 9, 
10, 1, 2, 3, 4, 5, 6, 7, 8, 9, 10, 1, 2, 3, 4, 5, 6, 7, 8, 9, 10, 1, 2, 3, 4, 
5, 6, 7, 8, 9, 10, 1, 2, 3, 4, 5, 6, 7, 8, 9, 10, 1, 2, 3, 4, 5, 6, 7, 8, 9, 
10, 1, 2, 3, 4, 5, 6, 7, 8, 9, 10, 1, 2, 3, 4, 5, 6, 7, 8, 9, 10, 1, 2, 3, 4, 
5, 6, 7, 8, 9, 10, 1, 2, 3, 4, 5, 6, 7, 8, 9, 10, 1, 2, 3, 4, 5, 6, 7, 8, 9, 
10, 1, 2, 3, 4, 5, 6, 7, 8, 9, 10, 1, 2, 3, 4, 5, 6, 7, 8, 9, 10, 1, 2, 3, 4, 
5, 6, 7, 8, 9, 10, 1, 2, 3, 4, 5, 6, 7, 8, 9, 10, 1, 2, 3, 4, 5, 6, 7, 8, 9, 
10, 1, 2, 3, 4, 5, 6, 7, 8, 9, 10, 1, 2, 3, 4, 5, 6, 7, 8, 9, 10, 1, 2, 3, 4, 
5, 6, 7, 8, 9, 10, 1, 2, 3, 4, 5, 6, 7, 8, 9, 10, 1, 2, 3, 4, 5, 6, 7, 8, 9, 
10, 1, 2, 3, 4, 5, 6, 7, 8, 9, 10, 1, 2, 3, 4, 5, 6, 7, 8, 9, 10, 1, 2, 3, 4, 
5, 6, 7, 8, 9, 10, 1, 2, 3, 4, 5, 6, 7, 8, 9, 10, 1, 2, 3, 4, 5, 6, 7, 8, 9, 
10, 1, 2, 3, 4, 5, 6, 7, 8, 9, 10, 1, 2, 3, 4, 5, 6, 7, 8, 9, 10, 1, 2, 3, 4, 
5, 6, 7, 8, 9, 10, 1, 2, 3, 4, 5, 6, 7, 8, 9, 10, 1, 2, 3, 4, 5, 6, 7, 8, 9, 
10, 1, 2, 3, 4, 5, 6, 7, 8, 9, 10, 1, 2, 3, 4, 5, 6, 7, 8, 9, 10, 1, 2, 3, 4, 
5, 6, 7, 8, 9, 10, 1, 2, 3, 4, 5, 6, 7, 8, 9, 10, 1, 2, 3, 4, 5, 6, 7, 8, 9, 
10, 1, 2, 3, 4, 5, 6, 7, 8, 9, 10, 1, 2, 3, 4, 5, 6, 7, 8, 9, 10, 1, 2, 3, 4, 
5, 6, 7, 8, 9, 10, 1, 2, 3, 4, 5, 6, 7, 8, 9, 10, 1, 2, 3, 4, 5, 6, 7, 8, 9, 
10, 1, 2, 3, 4, 5, 6, 7, 8, 9, 10, 1, 2, 3, 4, 5, 6, 7, 8, 9, 10, 1, 2, 3, 4, 
5, 6, 7, 8, 9, 10, 1, 2, 3, 4, 5, 6, 7, 8, 9, 10, 1, 2, 3, 4, 5, 6, 7, 8, 9, 
10, 1, 2, 3, 4, 5, 6, 7, 8, 9, 10, 1, 2, 3, 4, 5, 6, 7, 8, 9, 10, 1, 2, 3, 4, 
5, 6, 7, 8, 9, 10, 1, 2, 3, 4, 5, 6, 7, 8, 9, 10, 1, 2, 3, 4, 5, 6, 7, 8, 9, 
10, 1, 2, 3, 4, 5, 6, 7, 8, 9, 10, 1, 2, 3, 4, 5, 6, 7, 8, 9, 10, 1, 2, 3, 4, 
5, 6, 7, 8, 9, 10, 1, 2, 3, 4, 5, 6, 7, 8, 9, 10, 1, 2, 3, 4, 5, 6, 7, 8, 9, 
10, 1, 2, 3, 4, 5, 6, 7, 8, 9, 10, 1, 2, 3, 4, 5, 6, 7, 8, 9, 10, 1, 2, 3, 4, 
5, 6, 7, 8, 9, 10, 1, 2, 3, 4, 5, 6, 7, 8, 9, 10, 1, 2, 3, 4, 5, 6, 7, 8, 9, 
10, 1, 2, 3, 4, 5, 6, 7, 8, 9, 10, 1, 2, 3, 4, 5, 6, 7, 8, 9, 10, 1, 2, 3, 4, 
5, 6, 7, 8, 9, 10, 1, 2, 3, 4, 5, 6, 7, 8, 9, 10, 1, 2, 3, 4, 5, 6, 7, 8, 9, 
10, 1, 2, 3, 4, 5, 6, 7, 8, 9, 10, 1, 2, 3, 4, 5, 6, 7, 8, 9, 10, 1, 2, 3, 4, 
5, 6, 7, 8, 9, 10, 1, 2, 3, 4, 5, 6, 7, 8, 9, 10, 1, 2, 3, 4, 5, 6, 7, 8, 9, 
10, 1, 2, 3, 4, 5, 6, 7, 8, 9, 10, 1, 2, 3, 4, 5, 6, 7, 8, 9, 10, 1, 2, 3, 4, 
5, 6, 7, 8, 9, 10, 1, 2, 3, 4, 5, 6, 7, 8, 9, 10, 1, 2, 3, 4, 5, 6, 7, 8, 9, 
10, 1, 2, 3, 4, 5, 6, 7, 8, 9, 10, 1, 2, 3, 4, 5, 6, 7, 8, 9, 10, 1, 2, 3, 4, 
5, 6, 7, 8, 9, 10, 1, 2, 3, 4, 5, 6, 7, 8, 9, 10, 1, 2, 3, 4, 5, 6, 7, 8, 9, 
10, 1, 2, 3, 4, 5, 6, 7, 8, 9, 10, 1, 2, 3, 4, 5, 6, 7, 8, 9, 10, 1, 2, 3, 4, 
5, 6, 7, 8, 9, 10, 1, 2, 3, 4, 5, 6, 7, 8, 9, 10, 1, 2, 3, 4, 5, 6, 7, 8, 9, 
10, 1, 2, 3, 4, 5, 6, 7, 8, 9, 10, 1, 2, 3, 4, 5, 6, 7, 8, 9, 10, 1, 2, 3, 4, 
5, 6, 7, 8, 9, 10, 1, 2, 3, 4, 5, 6, 7, 8, 9, 10, 1, 2, 3, 4, 5, 6, 7, 8, 9, 
10, 1, 2, 3, 4, 5, 6, 7, 8, 9, 10, 1, 2, 3, 4, 5, 6, 7, 8, 9, 10, 1, 2, 3, 4, 
5, 6, 7, 8, 9, 10, 1, 2, 3, 4, 5, 6, 7, 8, 9, 10, 1, 2, 3, 4, 5, 6, 7, 8, 9, 
10, 1, 2, 3, 4, 5, 6, 7, 8, 9, 10, 1, 2, 3, 4, 5, 6, 7, 8, 9, 10, 1, 2, 3, 4, 
5, 6, 7, 8, 9, 10, 1, 2, 3, 4, 5, 6, 7, 8, 9, 10, 1, 2, 3, 4, 5, 6, 7, 8, 9, 
10, 1, 2, 3, 4, 5, 6, 7, 8, 9, 10, 1, 2, 3, 4, 5, 6, 7, 8, 9, 10, 1, 2, 3, 4, 
5, 6, 7, 8, 9, 10, 1, 2, 3, 4, 5, 6, 7, 8, 9, 10, 1, 2, 3, 4, 5, 6, 7, 8, 9, 
10, 1, 2, 3, 4, 5, 6, 7, 8, 9, 10, 1, 2, 3, 4, 5, 6, 7, 8, 9, 10, 1, 2, 3, 4, 
5, 6, 7, 8, 9, 10, 1, 2, 3, 4, 5, 6, 7, 8, 9, 10, 1, 2, 3, 4, 5, 6, 7, 8, 9, 
10, 1, 2, 3, 4, 5, 6, 7, 8, 9, 10, 1, 2, 3, 4, 5, 6, 7, 8, 9, 10, 1, 2, 3, 4, 
5, 6, 7, 8, 9, 10, 1, 2, 3, 4, 5, 6, 7, 8, 9, 10, 1, 2, 3, 4, 5, 6, 7, 8, 9, 
10, 1, 2, 3, 4, 5, 6, 7, 8, 9, 10, 1, 2, 3, 4, 5, 6, 7, 8, 9, 10, 1, 2, 3, 4, 
5, 6, 7, 8, 9, 10, 1, 2, 3, 4, 5, 6, 7, 8, 9, 10, 1, 2, 3, 4, 5, 6, 7, 8, 9, 
10, 1, 2, 3, 4, 5, 6, 7, 8, 9, 10, 1, 2, 3, 4, 5, 6, 7, 8, 9, 10, 1, 2, 3, 4, 
5, 6, 7, 8, 9, 10, 1, 2, 3, 4, 5, 6, 7, 8, 9, 10, 1, 2, 3, 4, 5, 6, 7, 8, 9, 
10, 1, 2, 3, 4, 5, 6, 7, 8, 9, 10, 1, 2, 3, 4, 5, 6, 7, 8, 9, 10, 1, 2, 3, 4, 
5, 6, 7, 8, 9, 10, 1, 2, 3, 4, 5, 6, 7, 8, 9, 10, 1, 2, 3, 4, 5, 6, 7, 8, 9, 
10, 1, 2, 3, 4, 5, 6, 7, 8, 9, 10, 1, 2, 3, 4, 5, 6, 7, 8, 9, 10
),
num=c(6, 4, 3, 4, 3, 5, 6, 5, 5, 3, 7, 7, 5, 6, 3, 3, 4, 5, 8, 3, 3, 2, 4, 4, 6, 6, 
2, 2, 7, 5, 6, 5, 5, 7, 7, 3, 5, 3, 5, 4, 6, 7, 7, 6, 5, 4, 5, 4, 9, 4, 7, 5, 
3, 6, 6, 6, 5, 3, 6, 5, 3, 7, 9, 7, 2, 4, 4, 5, 2, 3, 7, 3, 4, 7, 2, 6, 6, 5, 
5, 6, 6, 7, 4, 7, 4, 5, 4, 4, 2, 4, 3, 7, 5, 5, 4, 6, 8, 6, 5, 4
),
adj=c(17, 19, 41, 68, 76, 79, 14, 18, 49, 97, 5, 86, 97, 62, 77, 84, 90, 3, 95, 97, 
12, 14, 56, 61, 95, 25, 48, 59, 69, 74, 94, 42, 46, 59, 66, 94, 24, 26, 71, 78, 
82, 24, 65, 71, 44, 45, 56, 58, 81, 88, 100, 6, 14, 18, 23, 55, 56, 81, 49, 60, 
80, 84, 90, 2, 6, 12, 18, 95, 97, 27, 37, 70, 25, 52, 67, 1, 68, 73, 79, 2, 12, 
14, 49, 55, 1, 32, 43, 53, 63, 68, 76, 92, 22, 38, 57, 37, 46, 72, 20, 57, 12, 
36, 55, 81, 9, 10, 71, 78, 7, 16, 52, 54, 69, 74, 9, 43, 47, 63, 78, 82, 15, 
28, 27, 48, 30, 34, 41, 62, 76, 80, 84, 29, 34, 49, 80, 99, 52, 54, 67, 71, 82, 
96, 19, 39, 68, 73, 92, 42, 59, 64, 74, 98, 29, 30, 41, 79, 85, 86, 99, 39, 42, 
51, 64, 91, 92, 93, 23, 55, 60, 15, 21, 46, 70, 72, 20, 57, 87, 32, 35, 73, 91, 
92, 54, 74, 96, 98, 1, 29, 34, 76, 79, 85, 8, 33, 35, 59, 64, 66, 93, 19, 26, 
51, 53, 63, 82, 92, 11, 45, 50, 58, 87, 88, 11, 44, 75, 81, 88, 8, 21, 37, 66, 
26, 63, 77, 78, 83, 7, 28, 89, 94, 2, 13, 18, 30, 55, 60, 80, 97, 99, 44, 57, 
87, 88, 35, 43, 64, 82, 92, 96, 98, 16, 25, 31, 54, 67, 19, 43, 63, 25, 31, 40, 
52, 74, 96, 12, 18, 23, 36, 49, 60, 6, 11, 12, 61, 81, 100, 20, 22, 38, 50, 87, 
11, 44, 100, 7, 8, 33, 42, 74, 94, 13, 36, 49, 55, 90, 6, 56, 100, 4, 29, 63, 
76, 77, 80, 84, 19, 26, 43, 47, 53, 62, 76, 77, 83, 33, 35, 42, 51, 92, 93, 98, 
10, 71, 8, 42, 46, 93, 16, 31, 52, 71, 1, 17, 19, 32, 73, 7, 25, 15, 37, 72, 9, 
10, 24, 31, 65, 67, 82, 21, 37, 70, 17, 32, 39, 68, 7, 25, 33, 40, 54, 59, 98, 
45, 81, 1, 19, 29, 41, 62, 63, 4, 47, 62, 63, 83, 84, 9, 24, 26, 47, 83, 1, 17, 
34, 41, 85, 13, 29, 30, 49, 62, 84, 11, 12, 23, 45, 56, 75, 9, 26, 31, 43, 51, 
71, 96, 47, 63, 77, 78, 4, 13, 29, 62, 77, 80, 90, 34, 41, 79, 86, 3, 34, 85, 
97, 99, 38, 44, 50, 57, 11, 44, 45, 50, 48, 94, 4, 13, 60, 84, 35, 39, 93, 19, 
32, 35, 39, 43, 51, 64, 35, 42, 64, 66, 91, 7, 8, 48, 59, 89, 5, 6, 14, 97, 31, 
40, 51, 54, 82, 98, 2, 3, 5, 14, 49, 86, 95, 99, 33, 40, 51, 64, 74, 96, 30, 
34, 49, 86, 97, 11, 56, 58, 61
),
Ns=100,
Ny=10,
Nr=2,
Ng=2,
N=4000,
sumNumNeigh=492)