#bugs_adj.txt
list(num=c(6, 4, 3, 4, 3, 5, 6, 5, 5, 3, 7, 7, 5, 6, 3, 3, 4, 5, 8, 3, 3, 2, 4, 4, 6, 6, 
2, 2, 7, 5, 6, 5, 5, 7, 7, 3, 5, 3, 5, 4, 6, 7, 7, 6, 5, 4, 5, 4, 9, 4, 7, 5, 
3, 6, 6, 6, 5, 3, 6, 5, 3, 7, 9, 7, 2, 4, 4, 5, 2, 3, 7, 3, 4, 7, 2, 6, 6, 5, 
5, 6, 6, 7, 4, 7, 4, 5, 4, 4, 2, 4, 3, 7, 5, 5, 4, 6, 8, 6, 5, 4
),
adj=c(17, 19, 41, 68, 76, 79, 14, 18, 49, 97, 5, 86, 97, 62, 77, 84, 90, 3, 95, 97, 
12, 14, 56, 61, 95, 25, 48, 59, 69, 74, 94, 42, 46, 59, 66, 94, 24, 26, 71, 78, 
82, 24, 65, 71, 44, 45, 56, 58, 81, 88, 100, 6, 14, 18, 23, 55, 56, 81, 49, 60, 
80, 84, 90, 2, 6, 12, 18, 95, 97, 27, 37, 70, 25, 52, 67, 1, 68, 73, 79, 2, 12, 
14, 49, 55, 1, 32, 43, 53, 63, 68, 76, 92, 22, 38, 57, 37, 46, 72, 20, 57, 12, 
36, 55, 81, 9, 10, 71, 78, 7, 16, 52, 54, 69, 74, 9, 43, 47, 63, 78, 82, 15, 
28, 27, 48, 30, 34, 41, 62, 76, 80, 84, 29, 34, 49, 80, 99, 52, 54, 67, 71, 82, 
96, 19, 39, 68, 73, 92, 42, 59, 64, 74, 98, 29, 30, 41, 79, 85, 86, 99, 39, 42, 
51, 64, 91, 92, 93, 23, 55, 60, 15, 21, 46, 70, 72, 20, 57, 87, 32, 35, 73, 91, 
92, 54, 74, 96, 98, 1, 29, 34, 76, 79, 85, 8, 33, 35, 59, 64, 66, 93, 19, 26, 
51, 53, 63, 82, 92, 11, 45, 50, 58, 87, 88, 11, 44, 75, 81, 88, 8, 21, 37, 66, 
26, 63, 77, 78, 83, 7, 28, 89, 94, 2, 13, 18, 30, 55, 60, 80, 97, 99, 44, 57, 
87, 88, 35, 43, 64, 82, 92, 96, 98, 16, 25, 31, 54, 67, 19, 43, 63, 25, 31, 40, 
52, 74, 96, 12, 18, 23, 36, 49, 60, 6, 11, 12, 61, 81, 100, 20, 22, 38, 50, 87, 
11, 44, 100, 7, 8, 33, 42, 74, 94, 13, 36, 49, 55, 90, 6, 56, 100, 4, 29, 63, 
76, 77, 80, 84, 19, 26, 43, 47, 53, 62, 76, 77, 83, 33, 35, 42, 51, 92, 93, 98, 
10, 71, 8, 42, 46, 93, 16, 31, 52, 71, 1, 17, 19, 32, 73, 7, 25, 15, 37, 72, 9, 
10, 24, 31, 65, 67, 82, 21, 37, 70, 17, 32, 39, 68, 7, 25, 33, 40, 54, 59, 98, 
45, 81, 1, 19, 29, 41, 62, 63, 4, 47, 62, 63, 83, 84, 9, 24, 26, 47, 83, 1, 17, 
34, 41, 85, 13, 29, 30, 49, 62, 84, 11, 12, 23, 45, 56, 75, 9, 26, 31, 43, 51, 
71, 96, 47, 63, 77, 78, 4, 13, 29, 62, 77, 80, 90, 34, 41, 79, 86, 3, 34, 85, 
97, 99, 38, 44, 50, 57, 11, 44, 45, 50, 48, 94, 4, 13, 60, 84, 35, 39, 93, 19, 
32, 35, 39, 43, 51, 64, 35, 42, 64, 66, 91, 7, 8, 48, 59, 89, 5, 6, 14, 97, 31, 
40, 51, 54, 82, 98, 2, 3, 5, 14, 49, 86, 95, 99, 33, 40, 51, 64, 74, 96, 30, 
34, 49, 86, 97, 11, 56, 58, 61
),
sumNumNeigh=492)